0.180246289759345
0.0433511631926209
0.00951869171146946
0.0020099359695942
0.000779103979835701
0.000161263505761178
3.39913965625716e-05
1.98170843207862e-05
1.81672148390482e-05
1.02350745889496e-05
9.88116423905093e-06
3.88181606081339e-07
2.22650029968463e-07
2.21825974922041e-07
2.18808289376149e-07
3.94770180989212e-08
3.83813812954159e-08
3.85006281300448e-08
3.85003491309988e-08
3.85018052995179e-08
3.84876994719008e-08
3.8696312265607e-08
4.00364541519593e-08
3.95703159128402e-08
3.95722666857168e-08
3.93763739392483e-08
3.93521706332223e-08
3.89520892207784e-08
3.87177127025851e-08
3.86531450180527e-08
3.86551120001855e-08
3.86455456524715e-08
3.86486596060109e-08
3.86350441639038e-08
3.89078660401054e-08
3.89089437335954e-08
3.90021600571444e-08
3.88759443525899e-08
3.89249953380855e-08
3.90283073081754e-08
3.93641568230407e-08
3.93602067605414e-08
3.89361504149477e-08
3.89846105397496e-08
3.88543642815264e-08
3.90817430639956e-08
3.89241752163372e-08
3.9093647763444e-08
3.90864460797502e-08
3.83995337749354e-08
