-9.73613080495711
8.64004248598587
-5.46080047797974
5.55511674946796
3.82640063614959
-1.75898667439382
-1.19755425860984
1.11726033281403
-0.497623552312603
-3.41638871290376e-11
8.49441481292456e-05
1.97979389636091e-06
0.0772824915211622
-7.6307525074611e-10
-2.73988845716929e-06
-0.0591203355010586
-2.55275604465406e-07
2.41190891989197e-06
6.69086070921724e-06
0.00511920885459355
-0.00967045140712392
-1.63683803933399e-05
1.11516670582954e-05
-0.000116250132662498
-2.3473424242088e-05
-0.00139355824586797
-2.23334536669175e-05
-0.000186690185432398
1.36475553989516e-05
0.000683965984723266
-0.000347587395364128
-0.0002105895889553
-1.76791184322377e-05
0.000188490215145792
3.4260538431253e-06
-3.57016932460458e-05
2.16960791805684e-05
-3.310650826958e-05
5.37647727809094e-06
-3.12232569984914e-07
-2.76501424153436e-06
1.31601008063339e-06
-9.66615335552951e-07
-6.72779978647257e-08
3.84120914317296e-09
9.2754425996849
-9.98910269309869
-4.99831488923827
-1.55092985326708
4.22472458329798
-2.62654188449442
-1.26019836595958
1.07068052467162
-0.0744601524112057
0.323093306473068
0.194710010727096
0.18848313873745
-0.0722943306214524
-0.0980581913906063
-0.0833483562889107
-0.0212331666314218
0.0319040642439445
-0.0280007971760044
-0.0183739361524468
0.0140503873625108
-0.00971728168967387
-0.00802003361501535
0.00533691872668591
-0.00320325045192553
-0.00219630638944083
0.00032479050987012
-0.00133678851063519
-0.00120859147993903
-0.000787044855698348
-0.000138672233104969
-0.000160384615769975
-0.000307443573533655
-0.00032792404303045
-0.000169624835239462
9.2268633179898e-05
-7.8978810079022e-05
-5.89349969974308e-05
-1.6269820729304e-05
-1.63666897890434e-06
5.34293315088985e-06
1.00459117098851e-06
-2.21059283889793e-06
-1.6936919742551e-06
-9.57897271112115e-08
-3.22222449914215e-09
0.263327271113801
0.317210535064959
0.194696222247965
0.220838346767226
0.170725435900756
0.152088216667149
0.309871791943813
0.136335280512738
0.122576726404828
9.72502098057172e-05
0.524686548551455
0.0363597943273647
0.110701065591185
9.04209669083913e-05
0.0424114479460955
0.257328529235328
0.0224083109674947
0.0597626971555069
0.144790866060275
0.100469846982331
0.440400550874283
0.169356647145487
0.455284680856862
1.30102084429236
1.69560163774357
0.0916075713592046
0.696694466090058
0.913374225936761
1.90583534916235
0.82898016840761
0.837912930424228
0.77919561230382
1.99945638933393
1.16121921782264
0.809971448027898
0.0837925853210251
0.582819487251425
0.330052531170011
1.99993528030167
1.13639735011727
1.99999987175503
0.0766031258701251
1.20785707589472
1.53949995880783
0.923471460009683
0.0885627551145788
0.0271145180039624
0.0990361220549722
0.101765914261584
0.0963091121064873
0.093717633780479
0.0808219646676789
0.0903340290079733
0.0870022871432463
1.19540575983735e-06
2.25098123012942e-06
0
0.0838138878177762
1.01273541128922e-14
4.11658779002977e-09
0.126582438154611
3.34530619798256e-08
4.87961492530684e-07
1.04995406154812e-05
0.0806722650912395
0.0183339703334228
0.000320417003932515
1.61483819220065e-05
0.00562266389166519
0.00214978060883198
0.0775778104437583
0.00132194175117915
0.00117390978323832
0.00168165367462705
0.000144055560013435
0.00146044337768179
0.000297802722246096
0
1.74871746876258e-11
9.23478785691958e-05
0.0745998464658208
9.59754776297137e-05
0.00101350003376051
0.76972461481512
0.0802240222366894
0.986146288112836
0.0718401219250333
0.433284448116083
1.21327188176888
0.713540689174274
