-8.267998414852
7.77709310116827
0.00248521284252513
2.44947172837247
-1.1939373525385
-1.18976594791494
0.733969364140069
0.172824497060369
0.0217694508830594
-0.00586600297362464
-0.000109714003251215
1.40017293542817e-05
9.99999999993111
-8.84274742430612
-6.96019165247883
2.03513516838133
-0.476722664880455
0.0848153076166811
-0.305714667127615
-0.238477408486406
0.0455454347891886
0.00115663859769331
-0.00044476955674203
-1.11995263671365e-05
0.259864430529056
0.322020566853343
0.208772895551527
0.167757582796891
0.307542371910407
0.144751639569371
0.197524953740424
0.12714222199998
0.113080262235215
0.101515600342601
0.0917093494547641
0.0829984828016229
0.0915091357951427
0.0316769198706217
0.108003922732191
0.101611849216251
0.0931453953060384
0.0970850225106172
0.117902589661409
0.0928901619043076
0.0887480180046801
0.0847312626147036
0.0809230278236522
0.0774682572377132
