-9.73364773299212
8.64166818524239
-5.46086806111517
5.55192169671315
3.8262563615404
-1.75890733196885
-1.19521705408156
1.11752488095823
-0.497700400855628
7.82517750805834e-05
2.17078832410876e-06
0.0772938356263528
-2.19687189857874e-06
-0.0640441902933315
-1.27446436594008e-09
-5.15323878168392e-08
0.00512975657852425
-0.00817052211865531
7.38561726095818e-05
-1.18151234105903e-05
-0.00139578252319051
1.10772960512343e-05
1.11092786828613e-06
-1.03783444624345e-05
-1.50205804187095e-05
-2.5470668934135e-07
-3.66628298892319e-05
-2.24208206571487e-07
1.16034441402115e-05
5.78430769170144e-07
3.54185847618358e-07
1.31782850124071e-06
2.43955978168653e-06
5.74486660166681e-08
-6.24086659760758e-08
2.46683490780864e-07
-3.2371679420846e-08
9.27354305641537
-9.98863781695986
-4.99829501453369
-1.55026106707087
4.22455747198015
-2.626692337368
-1.25886332130357
1.07077264639096
-0.0745053329800899
0.194710010727133
0.188483135401195
-0.0722937674016253
-0.0833483590025134
-0.0228077497549233
0.0459657762578817
0.0318057113086699
0.0140554122476315
-0.00849195962872004
-0.00801381497748403
-0.00218948764888507
0.000328789686542176
-0.000858383989365002
-0.000831656899288019
-0.000542732373237625
-0.000328081176533778
-0.000169627436125548
-7.93495172450439e-05
-6.68219482161901e-05
-9.01378134776993e-06
4.21758526711546e-06
-2.9928164655913e-06
-2.28347726377843e-06
-6.61026112709686e-07
-1.23510328410114e-06
3.91775609991619e-07
2.19236076524933e-07
-1.18215842458105e-08
0.263363388587534
0.317197341882635
0.194695542828119
0.220835737275745
0.170725795795889
0.15208804763641
0.309865619486913
0.136335307745621
0.12257741146548
0.524685954317327
0.0346695407509989
0.110701140361712
0.0405528271246922
0.257389660447745
9.97321790990615e-05
0.0141699816646996
0.100469282133508
0.446716464018167
0.169459553326549
1.69556232585066
0.0916061154497443
1.30198631471459
0.837930008760546
0.696696848278145
1.99942450417973
1.16124981487467
0.0837936533549047
0.828403212851838
1.99999219394797
0.809890919311212
0.582821112893099
0.0766173122974705
0.330050517231748
0.779178489186651
1.99888973444138
1.20832280496866
1.53949732602536
0.0885630079552645
0.0270824145910883
0.0990362670028868
0.101767931798493
0.0963091681489931
0.0937178174717312
0.0808790506118562
0.0903329684525805
0.0870020496011236
3.6162360400606e-07
0
0.0838140334735803
1.69579466845383e-07
0.126016010942373
4.19412214733184e-06
8.63970918728214e-09
0.08067035978356
0.0186205278126222
3.76492554484468e-07
0.00214248078620217
0.0775724998869688
0.00468275109940056
0.00166380949207883
0.000505013366748845
9.79529581335503e-06
2.51814608302924e-11
0.0745811511652998
2.98313467016886e-06
1.55543137357868e-06
2.32836063960352e-09
3.31623318946797e-06
0.0718088804103538
0.00112943011842035
2.139959699426e-12
0.901420411616831
0.433291582960979
1.21327127196102
