-9.97718398046533
8.294275749589
6.9785079262532
-6.91609293797057
4.00157293699477
-0.622944706425621
-1.131026663032
-0.183214652248153
0.0567129369585973
-0.000236022162208148
-0.000411958173239932
-8.5648457597633e-06
-3.4413383027025e-09
9.99997277935905
-10
-3.48662130004272
-0.0588485395607171
-1.80645916439104
1.43062526632219
-0.930696040851217
-0.311558103779513
-0.0068994005347509
0.00611210067937069
4.45302405118279e-05
-1.09694559573129e-05
-7.63692612186209e-09
0.260718557032547
0.318617668688803
0.218939694202141
0.188397554603197
0.161884587240414
0.140881315525769
0.308025958128114
0.124260004402432
0.110803119877271
0.0996332462895203
0.0900914858309542
0.0815541186304374
0.274030401003205
0.0874806794945277
0.0305078909487119
0.100280853062338
0.099996420944798
0.0967854401118593
0.0934717991712575
0.0863812373233765
0.0899221022068925
0.086267328049892
0.0826419110235991
0.0791415455057809
0.0759085771302086
0.268438968192233
