-9.73371412233431
8.64142446862923
-5.46074912010476
5.55215738875816
3.82636028201531
-1.75870113452909
-1.19534630085151
1.11770902145706
-2.08112821900975e-09
-0.498254186361658
-2.0811238398964e-07
0.0773301946223535
-0.0643118332738858
0.00524160565378742
-0.00773380587466284
-1.16150911952018e-05
1.23739512289116e-05
-0.00142038574934159
-1.59388689300836e-06
-4.70303284434666e-06
-3.77816453135181e-05
1.45569868178847e-06
2.03279678679457e-09
5.14404953533871e-09
9.27349114062209
-9.98542461066127
-4.99835273923401
-1.55024087654981
4.2247082036197
-2.62594879862385
-1.26155180060674
1.07122504208534
0.903014430160487
-0.075500070803048
0.188483135574095
-0.0720423405566646
-0.0230067743538375
0.0140266512849153
-0.00860744920675661
-0.00218192356383215
-0.00201510492365507
0.000351095156485875
-0.00126551069992567
-0.000330673754274064
-8.25494137227927e-05
-2.36160071352385e-06
1.11333164056871e-08
6.56590924016429e-09
0.263369651468999
0.317172485911413
0.19469580900386
0.220835976055342
0.170726309374957
0.152087221169695
0.309908715181926
0.136334586977041
9.5050697355738e-05
0.122588568989889
0.0346740267355056
0.110700130582498
0.257360088786658
0.10045161927238
0.446647206945118
1.70223648689379
1.31710405667562
0.0916218059378108
0.843951205815729
2
0.0838407649914778
0.0766880027908447
1.50881238535944
1.99999930771602
0.0885697695541224
0.0271150658420876
0.0990370068120733
0.101764893011069
0.0963084715501926
0.0937201264370977
0.0808078015541155
0.0903295497723782
3.17554284423538e-06
0.0870006433580059
9.83301409903942e-09
0.0838254495952684
0.125994277355042
0.0806534448073716
0.0185352925933475
0.00217507949022972
0.00201511348834514
0.0775293206338686
0.00125785850451374
0
0.0745515589351794
0.0718086693615186
1.23344011569933
0.902308556283276
