-9.73612369468324
8.62431521759508
-5.46106146335416
5.55506663057002
3.82641461427547
-1.75881373917268
-1.17794245411878
1.11711968370558
-1.16492993477894e-13
-2.39559535871047e-07
-0.497557949752133
-2.40232988811205e-09
8.7323474476549e-05
2.15851556749775e-06
0.0772840709569957
-1.01061530254435e-09
-7.42905307571561e-07
-0.0591161176345713
-3.55901123831231e-07
2.63391104939242e-06
-0.013208146111451
0.000147188933861971
0.00511922766398427
7.64354699613143e-05
1.21026506687122e-05
-4.0687264761881e-05
-0.00012766780797286
-2.25247649171764e-05
-0.00139270943419038
-0.000188952918477973
0.000816317166475213
1.33907860089712e-05
-0.000429222100921507
0.000400706776712561
-0.000387791057267336
-0.000213144752715537
-5.62498125731224e-05
-0.000168994755198744
-4.44562586020935e-05
-3.55230897789531e-05
2.69299090391328e-05
-2.2853669227112e-05
8.83172441583085e-06
-6.97024592029091e-06
-3.07827491083393e-06
1.32344112370191e-06
2.58079396991565e-09
8.90910883898995e-07
5.66657091452391e-08
9.27543256342825
-9.98717152031268
-4.99850699746489
-1.55099227660248
4.22471040720376
-2.62718889457525
-1.25598567221652
1.07140729772248
0.666118762260238
-0.551893125365401
-0.0747030413616187
-0.387484030991563
0.194710010722996
0.188483138737447
-0.0722820335728922
-0.0980581913906083
-0.0833483784490138
-0.021223704131833
0.0319040642194677
-0.0280007969034435
-0.0130809040951511
-0.0183781999066173
0.0140488742322971
-0.00802098810784995
0.0053371659799816
-0.00345125040235615
-0.00328873435608278
-0.00218590417132498
0.000324953882302021
-0.00120849682610178
-0.000134207262026228
-0.000789730966502406
-0.000105479047287855
-0.000169624834533319
-0.000172184838576711
-0.000304894626098367
-0.000327924020019172
-2.72167470893782e-05
9.95000733816194e-05
-7.90354051943961e-05
-3.58177668179535e-05
-1.17954322747737e-05
-1.82669886514024e-05
1.17634535124159e-06
4.27380732515141e-07
-2.17044929239859e-06
-1.76983428217442e-06
3.53551620320401e-07
3.06939279197754e-08
0.263327280311916
0.317362942951664
0.194696204475784
0.220838139091367
0.170725405618294
0.152088945008988
0.309933304660993
0.136338024682963
0.0534046409195365
0.0437885983867626
0.12257768063235
0.254616683546198
0.524679327580972
0.0364771703646827
0.110701029533585
9.04213461070691e-05
0.0422671786378974
0.257328194160403
0.0238139799360807
0.0589542279292945
0.437902283590467
0.144694731700195
0.100469628021838
0.169389817664782
0.455281063761445
0.695637758946874
1.30102428335244
1.69559961135098
0.0916063118327951
0.913374240904381
0.828957654806413
1.90577683178985
0.837927158836547
1.16115563237703
0.329981558665723
0.779197483882387
1.99969424101823
1.02484378770489
0.809977244755314
0.0837972337961828
0.582813820792315
1.20800364215507
1.99959183049376
1.13639671678816
1.99999898212247
0.0765976060371723
0.583487649059449
1.53950587417693
0.924202405933568
0.0885627569427939
0.0270596253112667
0.0990357254440942
0.101765927907271
0.0963091038890316
0.0937165456328827
0.0809440383317211
0.0903337804486507
0
1.40602390975633e-10
0.0870038769982923
4.48304088103721e-10
3.21823770440358e-06
9.95176290374728e-11
0.0838140009272518
5.19426352764893e-08
9.39891918156277e-08
0.126584004479462
4.63216303864327e-08
2.51099829517519e-06
0.0201983227721703
0.000350721148181409
0.0806725188488997
0.000347106509628376
6.23674066250467e-05
0.00342414123790571
0.00567180522539415
0.00213916714360399
0.0775782010519002
0.00117381230942795
0.00014017314702796
0.00168411139614934
0.00145398561490085
5.82294273413913e-12
0.000994744847954767
0.000295221468753766
1.58737484981274e-08
1.59911900251911e-08
9.95878133352816e-05
0.0746025327529882
8.3186267037897e-05
0.43321721965341
0.769762237575552
0.0802244611807665
0.986146438157822
0.0718588448249287
5.69992291180475e-07
1.21326263808194
0.713460139299749
