-9.73211711494313
8.64142446861866
-5.46074912010082
5.55225403285922
3.82540638477491
-1.75714906493117
-1.19678856889542
1.11693286962645
-0.498175313971151
-4.45041587797839e-09
-2.07909099954839e-07
0.0773303029823715
-0.0648643766395688
0.00524160555737321
-0.00733321124294092
-1.13296242363884e-05
1.21658967510656e-05
-0.00142030203870377
-2.08839738402507e-06
-4.76737169946106e-06
-3.78157121190144e-05
1.45862495439586e-06
2.04370046770749e-09
9.27400114982122
-9.98542461066191
-4.998352739325
-1.55017722959598
4.22508235060021
-2.62653832784731
-1.26091536194766
1.07132537466416
-0.0754738052378031
-0.358279833157818
0.188483081563918
-0.0720423509767431
-0.0229750953014309
0.0140266513721149
-0.0080909738117185
-0.00217837936800683
-0.00200127130330325
0.000351162427037677
-0.00128791880116083
-0.000330673758072878
-8.25646467639722e-05
-2.36429059744276e-06
1.11267491397377e-08
0.263368956342005
0.317172485847033
0.194695808970432
0.220836192479461
0.170727490605792
0.152090599716251
0.309877903285174
0.136334642638598
0.122588084961211
0.017017956520244
0.0351324180773993
0.110700135344932
0.257361372765895
0.100451619483912
0.449100898782527
1.70192007374926
1.31710496619413
0.0916215516250851
0.84346133293056
1.99999564104845
0.0838410552952634
0.0766913313732539
1.50881238535944
0.0885656154008901
0.0271150662657761
0.0990370064757743
0.101764823312194
0.0963082162454269
0.0937219150678278
0.0808315999429299
0.0903321878075638
0.0870006977156024
5.32612511747613e-11
9.65171151635023e-09
0.0838254516025009
0.12593322656434
0.0806534446074583
0.01912040395145
0.00216692921495311
0.00200127931155435
0.0775293731215614
0.0012867105851202
0
0.0745509151559386
0.0718073506559896
1.23344011569933
