-9.68912292718827
8.15399206134028
1.30994462418647
1.07910753503622
-0.373911972871033
0.00159696948521089
0.0144037945110839
0.00428573448752327
-0.000340346632829419
-5.34933922845891e-06
10
-7.88706243738396
-6.07148781131437
1.47867001680022
0.0187762677768502
-0.0837000311517654
-0.0488545410693294
0.00144928729490481
-0.00103358573691077
0.000214443008817815
0.264558632298449
0.326226751228421
0.207771308644157
0.168460704367001
0.141696898640381
0.527490860528798
0.121901747582775
0.106622045282904
0.210983890367693
0.0941619649347513
0.0899802870253095
0.0376554584316582
0.107820514528529
0.107158241581737
0.102821884210615
0
0.0974802487049646
0.0920670005108123
0.161801446634292
0.0871893632619966
