-9.73371340170976
8.64159794025192
-5.46074569719429
5.55215738864153
3.82636353682804
-1.75870813051878
-1.1955193583732
1.11770902133301
-0.498258109107922
-1.73151033748856e-09
-4.52560303473871e-09
-2.08720117635368e-07
0.0773355876757721
-0.0643122735688606
0.00523964544707097
-0.00773353820353639
-1.07717888418228e-05
1.14595397304052e-05
-0.0014203747567148
-1.67689384722873e-06
-4.70307578663345e-06
2.26697469093156e-09
-3.77873587933795e-05
1.45481139149237e-06
4.67600388176057e-10
5.22632624534394e-09
9.27349633517298
-9.98688461525943
-4.99835046815495
-1.55024087655571
4.2247028502514
-2.62594538891392
-1.26183657064093
1.07122504206362
-0.0754939592365579
-0.349526707624309
0.19471001072294
0.188483135573916
-0.0720493432746839
-0.0230099395966331
0.0140278671288793
-0.00858524235422036
-0.00218545027774157
-0.00202098715910461
0.000351105120836353
-0.000934475042264234
-0.00033067375361503
-0.00019670598230442
-8.25685916045004e-05
-2.3582541463767e-06
1.36456637786514e-08
6.7142202485867e-09
0.263369651940706
0.317169030539451
0.194695817871795
0.220835976021997
0.170726289765844
0.152087216097303
0.309909418469843
0.136334587283159
0.122588488332182
3.01741264139102e-05
0.525472529937445
0.03467402677359
0.110700324491792
0.257360482181689
0.100451819387505
0.446630732298568
1.69540103473683
1.30182934562134
0.0916217668682361
0.83822622136321
2
0.696983878290321
0.0838413257887753
0.0766865708738806
1.51117309604158
1.99999922973159
0.0885697788448348
0.0271120397178118
0.099037008560899
0.101764892785989
0.0963084841539322
0.093720108439387
0.0808056007544354
0.0903295500722743
0.0870006436002352
2.87043954841833e-05
3.50822501965647e-09
9.63759035300377e-09
0.083825078859657
0.125994076512945
0.0806537935467962
0.0185645255212899
0.00215209416108278
0.00194943509238053
0.0775293151140138
0.00171023862863507
0
5.35303686694197e-09
0.074551259946932
0.0718101339553174
1.23035772343846
0.902308253712782
