-9.59307076856968
8.06591178422583
1.40947233379571
0.928367109511821
-0.322393056750461
0.00762061524571457
0.00400913719362513
3.33096035556274e-05
10
-8.83752902943909
-5.98144839987874
1.40061135282098
0.0269468179391381
-0.0437224937631673
0.000654608404666735
0.000194730955319843
0.264507433583703
0.323945896908821
0.208310238398417
0.168509437453161
0.141017054794283
0.121213762111214
0.106112658296082
0.0938093116284161
0.0902951495340584
0.0366805617969295
0.107717038728294
0.108135921995066
0.10336888374352
0.0975296443614036
0.0918931116752413
0.0869455072900812
