-9.73371438767017
8.64142510127074
-5.46075095537157
5.55215738861624
3.82636144710979
-1.75870113457009
-1.1953463009844
1.11770902135787
-0.498254154951326
-1.72198299056215e-09
-2.07970495308436e-07
0.0773301945184355
-0.0643118335763386
0.0052416056376449
-0.00773353817989136
-1.16150792923005e-05
1.2373984235451e-05
-0.00142038543914851
-1.5938919629063e-06
-4.70306935406367e-06
2.29138084636257e-09
-3.77802351082264e-05
1.45578972673092e-06
2.02839051600594e-09
5.15223894617688e-09
9.27349146537295
-9.98541805611974
-4.99835020719518
-1.55024087658997
4.22470576148629
-2.62594879861965
-1.26155180060751
1.07122504205809
-0.0755000433605913
-0.349526707624309
0.188483135573923
-0.0720423405503289
-0.0230067747623611
0.0140266513386352
-0.00858524235822673
-0.00218192356331841
-0.00201510492331119
0.000351095119210155
-0.00126551617248138
-0.00033067375361503
-0.00019670598230442
-8.25524056132927e-05
-2.35975036930106e-06
1.11311083969304e-08
6.56405776112969e-09
0.263369651503379
0.317172496386781
0.194695805348504
0.22083597606899
0.170726306212097
0.152087221014481
0.309908715278951
0.13633458719703
0.122588568736718
3.0174126408159e-05
0.0346740267736185
0.110700130372265
0.257360089031886
0.100451618534981
0.446630732296999
1.7022364868938
1.31710405667561
0.0916218060259181
0.843951205782489
2
0.696983878290321
0.0838408909625906
0.0766877565438537
1.50881238535944
1.99999930771602
0.0885697686813716
0.0271150685713047
0.0990370100900298
0.101764892967912
0.0963084692222135
0.093720126598278
0.0808078014702536
0.0903295500183445
0.0870006432319595
2.87043954792882e-05
9.63759035300377e-09
0.0838254492841652
0.125994277086175
0.0806534446316539
0.018564525523271
0.00217507948971438
0.00201511348800125
0.07752932060193
0.001257864010294
0
5.35301582958268e-09
0.074551454389755
0.0718092681945779
1.23344011569933
0.902308556283276
