-9.91729790006184
8.5757902097434
6.8462316871063
-7.19766359923369
3.88626766630346
-1.05457752607636
-0.132115150981617
-0.364183025840969
-0.136014258301299
0.0837106887228127
-0.0920208302360264
0.00335815685349453
5.33021844400466e-09
-0.00150533090581202
-3.24103283793221e-05
1.63329624293424e-06
9.68244614802234
-9.99999998243059
-3.73430465677531
0.116558616494317
-1.28090429076488
-1.37969900451323
1.0305920639839
-0.209258693349117
0.00612760285757127
-0.0519741386519568
-0.00587236551534115
0.0146669437592037
-0.0103238914800651
0.000200179317471794
-8.98579495612894e-05
-2.43469688187477e-06
0.263259837089431
0.316907386217267
0.217429938220884
0.188404887105664
0.1631552765084
0.310818616592191
0.137768430974119
0.123003270785797
0.145224509796107
0.110891732810839
0.254930245820501
0.10063523910025
1.18402836385303
0.0917778204046163
0.083955255984063
0.0767490384224855
0.0882856161402395
0.0281780742771374
0.100199899735346
0.0990431461987205
0.0974564776382737
0.0786882412247203
0.0939423852259571
0.0881677182568064
0.102310149613041
0.084245541973253
0.125613733925796
0.0808191085789419
0
0.0776241418675873
0.0745996388471795
0.0718101371492946
