-9.73485976438626
8.57590287871105
-5.39320852214935
5.57931420196289
3.80765712200614
-1.79381579261732
-1.20106383814862
1.12793654213889
-9.90767228155822e-09
-0.498244214602103
0.0780567595459589
-0.0495417596942911
0.00509250185770077
-0.00180627937395983
-0.00143349101762632
-3.76967523446874e-05
-1.59926970159108e-10
1.36758634728685e-06
9.26243442913762
-10
-4.9648072026552
-1.53236552202732
4.2281877755625
-2.61994003646026
-1.26050980239979
1.06400985308216
1.2678315308973
-0.0755177698212261
-0.07213439956124
-0.0534131897464035
0.0142810081821197
-0.0118586049692696
0.000324847048401207
-8.25778283407146e-05
-5.43967546069225e-05
-2.42177592251489e-06
0.263490865513878
0.316907531916576
0.194724727452725
0.220950552070747
0.170704908743911
0.152037124923965
0.309853969746072
0.136320995905514
9.95695426296804e-05
0.122588888475096
0.110718103916974
0.260767420281885
0.100498243981467
0.434236554525713
0.0916449067925564
0.0838358388472293
1.99999999866986
0.0766569458947167
0.0887499774787953
0.0281728750934803
0.0991419281758577
0.101746292557369
0.0963397869677345
0.093674146059328
0.0797014849841089
0.0903029241399944
7.42884903750383e-06
0.0870002511748206
0.0838121977570695
0.125950873548308
0.0806574273066641
0.00344363359929691
0.077553712310291
0.0745531739377416
1.65142692287352e-06
0.0717679000906841
