-9.73612369497317
8.62431521772362
-5.46106146220887
5.55506662958098
3.82641461428117
-1.75881348490124
-1.17794245471956
1.11711937498246
-2.39559535871047e-07
-0.497557897359723
-2.42335833171522e-09
1.08976849930632e-10
8.73259795127356e-05
2.15851556749775e-06
0.0772840709569957
-1.01061530254435e-09
-7.42060237896965e-07
-0.0591161177297327
-3.55990489758778e-07
2.63333791506696e-06
-0.0132081459500065
0.000147188933861971
0.00511922766398427
7.64366298037648e-05
1.21026506687122e-05
-4.06876605823691e-05
-0.00012766843987771
-2.25243699170219e-05
-0.00139270943419038
-0.000188952918124326
0.000816317496472625
1.33907860089712e-05
-0.000429221754115469
0.000400706599883332
-0.000387790057174681
-0.000213144437405368
-5.62495359418584e-05
-0.000168994632988862
-4.44562586020935e-05
-3.55230918509215e-05
2.69299090391328e-05
-2.28536759718253e-05
8.8315245279216e-06
-6.97024592029091e-06
-3.07827491083393e-06
1.32343930293714e-06
8.90902643898293e-07
5.66702131303303e-08
9.27543256343434
-9.98717152032014
-4.9985069977422
-1.55099227724097
4.22471040732933
-2.62718892754863
-1.25598567223557
1.07140718237021
-0.551893125365401
-0.0747028960734497
-0.387484030991563
-0.315385811313563
0.194710010723011
0.188483138737447
-0.0722820335728922
-0.0980581913906083
-0.0833483784490138
-0.021223705164447
0.0319040642194677
-0.0280007969034952
-0.0130809040709438
-0.0183781999066173
0.0140488742322971
-0.00802098806959816
0.0053371659799816
-0.00345125042337669
-0.00328873436240176
-0.00218590766796014
0.000324953882302021
-0.00120849684748353
-0.000134207262414024
-0.000789730966502406
-0.000105479066087174
-0.000169624834533319
-0.000172111452519044
-0.000304894631331148
-0.00032792402001954
-2.7216747089383e-05
9.95000733816194e-05
-7.90352484463108e-05
-3.58177668179535e-05
-1.1795418942264e-05
-1.82667813796719e-05
1.17634535124159e-06
4.27380732515141e-07
-2.17044906278907e-06
3.53525727957405e-07
3.06965070286197e-08
0.263327280369562
0.317362944122452
0.194696204432423
0.220838138981579
0.170725405715107
0.152088945537279
0.309933300880215
0.136338024398577
0.0437885983867626
0.122577679855177
0.254616683546198
9.76472555360894e-05
0.524679327580788
0.0364771703646827
0.110701029533585
9.04213461070691e-05
0.042267178683346
0.257328195256618
0.0238139798276611
0.0589542282311444
0.437902283529225
0.144694731700195
0.100469628021838
0.169389817675446
0.455281063761445
0.695637758947043
1.30102428335308
1.69559938262397
0.0916063118327951
0.913374240900655
0.82895765480867
1.90577683178985
0.837927158830977
1.16115563237805
0.329981752584862
0.779197483878595
1.99969424101692
1.02484378770483
0.809977244755314
0.0837972275204468
0.582813820792315
1.20800364215513
1.99959183049381
1.13639671678816
1.99999898212247
0.0765976069142306
1.53950587417703
0.924202405933551
0.0885627566688776
0.0270596233786265
0.0990357255370711
0.101765927876058
0.0963091039428111
0.0937165453072472
0.0809440403703367
0.0903337826640678
1.40602390975633e-10
0.0870038761041013
5.35225574819046e-10
2.88198431518493e-05
3.21915306658322e-06
9.95176290374728e-11
0.0838140009272518
5.19426352764893e-08
9.39997048852656e-08
0.126584001612459
4.63392517714673e-08
2.51157559186173e-06
0.0201983227065652
0.000350721148181409
0.0806725188488997
0.00034710562565964
6.23674066250467e-05
0.00342414125911684
0.00567180522910091
0.00213916260082473
0.0775782010519002
0.00117381233139672
0.00014017314740896
0.00168411139614934
0.00145398561618186
6.99729958963165e-12
0.000995085212035269
0.000295221474148047
1.58813502129026e-08
1.59911981757874e-08
9.95878133352816e-05
0.0746025341144368
8.3186267037897e-05
0.433217219652499
0.769762237575566
0.0802244611807665
0.986146438157822
0.0718588442857874
1.21326263808175
0.713460139299732
