-9.73369702475607
8.64167813009393
-5.46086252194618
5.5519391851489
3.82627224095906
-1.75893033206722
-1.19521691478999
1.11752549572272
-0.497700828501434
8.30890954603662e-05
8.79666965902291e-07
0.0772896948385665
-8.27134279992729e-10
-1.51479427834955e-06
-0.0639850589209538
-7.36786987108614e-08
1.24164931873442e-06
0.00512827102849779
-0.00817022252325145
3.90931848803515e-05
-9.97263599197154e-06
-0.00139707403353263
2.11651206155315e-05
9.38060206744968e-06
-1.24934819591528e-05
-1.50205077371372e-05
1.14118065799836e-05
-1.80019305541423e-06
-3.60316148961518e-05
-2.62921838105709e-06
-2.71150984374951e-05
1.12021264442093e-05
5.90645552114911e-07
1.30623850266418e-06
1.32779580098549e-06
2.43677123007963e-06
6.80746502581175e-07
-1.45843792714773e-07
-4.28098930930723e-08
9.27360253079055
-9.98874314433605
-4.99831514564877
-1.55025009079989
4.2245755086826
-2.62668229915164
-1.25886302945805
1.07077358673871
-0.0745042202756122
0.194710010725001
0.188483135401253
-0.0722911907802333
-0.0980581913906063
-0.0833483587010999
-0.0228257470740749
0.031904042270445
-0.0279445444505874
0.0140526790155921
-0.0084921600522752
-0.00801384241119949
-0.00218726498511382
0.000328211483378697
-0.000863411916549263
-0.00086265158048028
-0.000542688328471579
-0.000328080326572587
-0.000226136520215622
-0.000169627658685047
-7.96728848030311e-05
-6.67486120097424e-05
4.21758374877218e-06
-9.47253048607417e-06
-1.39116343286572e-05
-3.18339640515352e-06
-2.2343272079545e-06
-6.61028972338371e-07
4.15242914857409e-07
4.84157990160606e-07
-2.24483267036581e-08
0.263363105743883
0.317196069033825
0.194695733277256
0.220835534219928
0.170725681314395
0.152088093590852
0.309868463970175
0.136335286651039
0.122577363095778
0.52468601621523
0.0346807206766324
0.110701205915495
9.041954151357e-05
0.0413869059176162
0.257396549691688
0.0174957705913853
0.0632382850085382
0.100468850855657
0.446716386308392
0.169459716512692
1.6955281857563
0.0916084884145951
0.838279349972453
1.30198636540457
0.696696849707009
1.99942450588148
0.779251108304799
1.16124980707848
0.0838035856327778
0.828403218423193
0.809890935613767
1.9999947667014
0.913692472851391
0.582821128976837
0.0766093963573174
0.330050517231754
1.20832273447509
1.99888973159953
1.53949734793246
0.0885632167882537
0.0270839021779852
0.0990362208613741
0.101767946017828
0.0963091420535831
0.0937178393682517
0.0808776714439137
0.0903328835786139
0.0870021288249018
0
0
0.0838141291174641
0
3.78133604345856e-11
0.126020455454555
1.14514057339738e-08
0
0.0806707625470334
0.0186206347294083
2.39850845705109e-05
0.00213951596961065
0.0775707748489757
0.00166019577136604
0.00468353492807821
0.000504966039652822
9.76684012889115e-06
0.000226218392072504
7.36568165516549e-07
0.0745919898049901
2.82503638380724e-07
5.96545377816213e-13
3.58759241004042e-06
1.36557481680121e-05
3.4751937308607e-06
0.0718316987196768
0.0011294301184219
0.433291608859244
0.901420414381582
1.21327142428298
