-9.7336484361864
8.64170562842415
-5.46079392479583
5.55191617726614
3.82636166738499
-1.75891951683055
-1.19522032426145
1.11737988946328
-0.497688096747825
-3.79805872761677e-09
7.87118511933588e-05
-2.05285211104235e-07
0.0773059250508251
-0.0640466176740897
-1.36642180480062e-09
0.00514052825630797
-0.00817699204294847
-1.07503986779805e-05
1.15547266179149e-05
-0.00139632806075376
2.57171200820356e-06
-1.31412514231513e-05
-1.02496305960437e-05
-3.77740231153343e-05
8.31965142025419e-06
1.37405727718572e-06
1.6317748188158e-08
2.43163856946455e-09
9.27353542912395
-9.98857411537021
-4.99835507190641
-1.55025765386655
4.22467397430346
-2.62653346930993
-1.25886060073309
1.07061829594082
-0.074470065739563
-0.349526707624309
0.194710010727852
0.18848313557391
-0.0723031869728061
-0.0228170401628261
0.0459657766687235
0.0140445875960255
-0.00850368863302589
-0.0021859946996879
-0.00202515413584308
0.00033755927980094
-0.000787509093753424
-0.000328039556912991
-0.000197129399547892
-8.030003317084e-05
-8.94063780648245e-06
-2.31752550468771e-06
-2.28421035464413e-08
1.83924675521861e-08
0.263363462940343
0.31719746431276
0.194695574026792
0.220835846500512
0.170725864236284
0.152087984356341
0.309865566842147
0.136335000025672
0.12257694704518
3.02440865528606e-05
0.525472393633536
0.0346740251996732
0.110701735902502
0.257390433592669
0.000105719719664042
0.10046604567602
0.446704050734419
1.6954058237918
1.30215932218413
0.0915989851548666
0.838266004065128
1.9994554553186
0.696983497848242
0.0838073901291594
2
0.0766457013129569
1.9999999999337
1.53949730623627
0.0885630914176387
0.0270823273419645
0.0990363837805237
0.101767806321904
0.0963089597462242
0.093718016641499
0.0808790790072168
0.0903336363612489
0.087001715416012
2.8622448865866e-05
1.51088412622347e-06
1.05067223915247e-08
0.0838139732734821
0.126016970258112
5.14784664661656e-06
0.0806707453983482
0.018607732021191
0.0021526490267899
0.00196257418710779
0.0775609784730714
0.00163588440332216
1.01301805630172e-05
1.30261064405373e-05
0.074556801567856
9.32642201191912e-08
0.0718098931078178
0.902308577277765
1.21327131705154
