-9.73364773299879
8.64166818531817
-5.46086844094645
5.55192169693881
3.82625691401683
-1.75890733901785
-1.19521749249629
1.11752488116015
-1.32069793368599e-09
-0.497700401349244
7.82512931257475e-05
2.17256648929393e-06
0.0772938905312447
-2.19858674389831e-06
-0.0640438716076682
-5.16481806840297e-08
0.00512967802451097
-0.00817052152085121
7.38049260095745e-05
-1.18149399156086e-05
-0.00139575714306453
1.10772635066744e-05
1.10995292858687e-06
-1.03769442289118e-05
-1.50205078055683e-05
-2.54874130144461e-07
-3.66629460514522e-05
-2.13376104854753e-07
1.1603419816229e-05
5.66538072837658e-07
-1.00608141261119e-09
3.57836869822373e-07
1.31961134921848e-06
2.43963554158646e-06
5.66668678323983e-08
-6.21962693596125e-08
2.47132287718678e-07
-3.24063824135145e-08
9.27354305720471
-9.98863781697453
-4.99829442596814
-1.55026106730024
4.224557202876
-2.62669233844038
-1.25886308112038
1.07077264647572
0.841820841933989
-0.074505331933782
0.194710010727121
0.188483135401253
-0.072293830015098
-0.0833483590025135
-0.0228083022650141
0.0318057113086699
0.0140554791971352
-0.00849195992382091
-0.00801381496711981
-0.00218950854498252
0.000328778940823603
-0.000858383993604918
-0.000831656910430325
-0.000542732356040363
-0.000328080326572606
-0.000169627436125546
-7.93521614650833e-05
-6.67481580046856e-05
-9.06284136415755e-06
4.21758375396768e-06
-3.10471283796833e-06
-2.99281648596563e-06
-2.28163996802455e-06
-6.61026656186365e-07
-1.23510328410111e-06
3.91860801951354e-07
2.19856893192218e-07
-1.17773268486317e-08
0.263363392118379
0.317197339427833
0.194695544405992
0.220835731861121
0.170725794610545
0.152088046920535
0.309865613981466
0.136335308978157
9.38069122131748e-05
0.122577411081691
0.52468595432024
0.0346697209289254
0.110701137158679
0.0405528271811681
0.257389811757077
0.0141699816977918
0.100469312708913
0.446716463936494
0.169459549874456
1.69556136181648
0.0916060857154426
1.30198631471457
0.837930008760966
0.696696848278504
1.99942450588148
1.16124981487469
0.0837936478726618
0.828403221315945
1.99999253481694
0.809890944857089
0.913692479342778
0.582821112893101
0.0766176737708107
0.330050517231749
0.77917848918665
1.99888973444138
1.20832280496866
1.53949732602536
0.0885630068790243
0.027082422805312
0.0990362684575388
0.101767931981835
0.0963091651972713
0.093717819092708
0.0808790561672339
0.0903329682958363
3.59154302121239e-06
0.0870020485503963
3.54918484114909e-07
0
0.0838140307601924
1.69636723434529e-07
0.126016058174508
8.68884420690342e-09
0.0806703720240927
0.0186205279919964
1.35199677629861e-09
0.00214249034070734
0.0775725123164507
0.00468275110017782
0.0016638094976499
0.000505013348266907
9.76684012952947e-06
1.75835056749742e-11
0.0745810237989725
2.40505163831697e-07
1.82082268989974e-06
4.73326741425842e-14
3.33766685889805e-06
3.31623320785591e-06
0.071810799660566
0.00112943011842068
2.13598694482913e-12
0.901420411616831
0.43329158296098
1.21327127196102
