-9.73368799363275
8.6417973535379
-5.46074495315492
5.55202646976083
3.82628010308206
-1.75904213459812
-1.19522740187562
1.11738529340314
1.97592609404231e-10
-0.497644498294894
8.30895179374284e-05
1.02784931032956e-06
0.0772846002205919
-1.14434680512604e-09
-1.65385571555929e-06
-0.0639883882571382
-8.34101612113718e-08
1.67490645664073e-06
0.00512825890486946
-0.00827562950138898
-2.70595608144258e-05
-1.28543845710615e-05
-0.00139705432692432
5.62654172238566e-06
9.23250181472219e-06
-1.58534229151336e-05
-1.68389662083539e-05
3.92538272928483e-06
8.63966920344576e-07
4.4660208660847e-06
-3.57272113156761e-05
-1.32275469881505e-06
4.76165000863491e-05
1.50172541501531e-05
-8.4328735991867e-06
1.44493635255784e-06
1.32699113346222e-06
-1.12165754292014e-07
6.80247337696879e-07
-7.33275536756199e-08
9.27355964005769
-9.98978844199353
-4.9983109974417
-1.55023424717118
4.22464020352162
-2.62663538814477
-1.25890223805131
1.07078315392902
0.855359919515495
-0.0744884134631003
0.194710010725001
0.188483135401253
-0.0722931798332371
-0.0980581913906063
-0.0833483587009695
-0.0228369600903197
0.0319040422704455
-0.0279451662052939
0.0140526706718399
-0.00856984871940199
-0.00801735085063476
-0.00218625355334029
0.000326963632316094
-0.0010986930525161
-0.000870950817867458
-0.000542406749539116
-0.000327943930461849
-0.000226245828807167
-0.000169626463159674
9.30881017745817e-05
-7.94727409990693e-05
-6.67486098112615e-05
-1.23035552632661e-07
-9.51636252225425e-06
-1.39136062646489e-05
-3.07278993978426e-06
-2.22289606234539e-06
8.57467277864103e-07
4.12479894605443e-07
-3.79699939487947e-08
0.263363600985933
0.317195625612608
0.194696087302609
0.220835212979673
0.170725542750883
0.152087983264181
0.309867487768727
0.136335609551348
0.000102052751240688
0.122576991807478
0.524686016213719
0.0346813402727985
0.110701003971902
9.0420956844763e-05
0.0413871986548974
0.257400051753698
0.0174957706015523
0.0631183539910817
0.10046885423451
0.446172546308504
0.169374555781477
1.69552819753311
0.091610162032797
0.838065194441398
1.30092896805228
0.696696866939906
1.99942385901211
0.779251111586926
1.16124981024923
0.809971404852495
0.083801012890301
0.828403218411048
0.330050504882306
1.99999491403399
0.913692473901026
0.582821087905801
0.0766103500915011
1.99888973130789
1.20832273447512
1.53949943918249
0.0885632024158677
0.0270819114229092
0.0990361673069368
0.101767674619342
0.0963094023209184
0.0937173375713682
0.0808771972380803
0.0903336009138043
3.90858358101931e-08
0.0870022461258263
2.98997025525012e-09
2.28043074180319e-10
0.083814079711633
0
1.11109935473136e-08
0.1260239005846
1.29280096671096e-08
1.58701420842089e-07
0.0806707342925936
0.0185678834275694
0.000243404456918249
0.00213848192073367
0.0775723004900625
0.00180844120645276
0.00469689629562777
0.000504663691275181
3.47037274298268e-06
0.000226327661209503
5.97504182782246e-07
9.31662941784525e-05
0.0745985860765179
2.88202279982522e-07
0.00112943034779537
3.7017558832801e-06
1.36577571300323e-05
3.37400112303809e-06
0.0718346942250909
0.90142041729581
0.43329160885925
1.21326901512587
