-9.73364805081882
8.64166818515547
-5.4608569681619
5.55192209079
3.82626375700311
-1.75890703919592
-1.19521705468405
1.11752386226835
-0.497723413836991
2.71527079493535e-11
7.83139907080165e-05
-2.1106363772683e-07
8.12558152667922e-10
0.0773053183722265
-0.0640441247013773
-8.39431370090579e-11
-7.17805338384936e-10
0.00513798537083942
-0.00817042262049467
6.23246041166858e-05
-1.15117617615687e-05
-0.00139695151611535
1.1806640202732e-05
1.10704496632473e-06
-9.95446402346782e-06
-1.57309022055508e-05
-3.70955801296458e-05
-2.28474293984246e-07
1.14190620805862e-05
-2.77390615519859e-12
1.32597995119396e-06
1.2500052077525e-06
4.39223281460672e-10
2.05074816400138e-08
-4.4943748905539e-09
9.27354360979838
-9.98863781698991
-4.99829118846719
-1.55025978847886
4.22456060611063
-2.62668998946595
-1.25886332008518
1.07078302363913
-0.07450366054466
-0.227931861947396
0.19471001072698
0.188483135573893
-0.183423746690293
-0.0723002853025774
-0.0228077428701338
0.0459657762571164
0.024510158105216
0.0140483233964672
-0.00848998067158449
-0.00801381497485313
-0.0021894828420009
0.000333803603099337
-0.000856949944490274
-0.000831656977116326
-0.000538867424099157
-0.000328149859752248
-7.98052343241042e-05
-6.68219483192614e-05
-9.01522161576728e-06
4.36481625228587e-06
-2.29668541905775e-06
-6.49318193077099e-07
-1.23510328411083e-06
6.85757490253633e-08
1.34359973805634e-08
0.263363394997552
0.31719734254319
0.194695494340169
0.220835834371416
0.170725856512253
0.152087969227784
0.309865635309758
0.136335412729382
0.122577280585641
9.41671850327036e-05
0.524685953758703
0.0346740246312226
0.0286943757353309
0.110701695638402
0.257389183988826
9.9719629093796e-05
0.0080285303072687
0.100466872854615
0.446718701996961
0.169439009829471
1.69556232586467
0.0916036143035128
1.30202222072575
0.837930008762292
0.69675173771309
1.99945531895961
0.0838005022793668
0.828403212851831
1.99999220441345
0.809891070674891
0.0766221046147097
0.330050517214443
0.779178489186809
1.99888973444189
1.53949732629023
0.0885630656295818
0.0270824070477309
0.0990363804403981
0.101767806962961
0.0963091090222603
0.0937178317024231
0.0808790336944214
0.090332991321074
0.0870017717207346
2.49150748735041e-05
9.73366777405681e-11
1.07312340927119e-08
1.24736120776617e-09
0.0838140641939762
0.126017211780612
4.19183842683631e-06
1.32967778061423e-10
0.0806702324360065
0.01862255122743
6.74250746370219e-11
0.00214247587372679
0.0775651384980255
0.0046817895635651
0.00166380953099036
0.000502357575217957
1.32515823323836e-05
0.0745726975105355
2.98313697895704e-06
1.5637458546591e-06
2.88932344870837e-10
0.0718069989714687
0.00112943011132727
2.62793409815945e-12
0.901420411615144
1.21327127225158
