-9.73364843609323
8.64170204985228
-5.46080462101121
5.55192442966498
3.82635991742543
-1.75892000006358
-1.19521709220767
1.11737987431032
-0.497685051584398
-2.25009170418694e-09
7.94101223285855e-05
-2.06910125940403e-07
6.32618796960049e-10
0.0773059251080137
-0.0640463655233563
-2.22672750907839e-09
0.0051379401859761
-0.008172509697935
-1.07856386006336e-05
1.15702664890987e-05
-0.00139624447993209
9.33221211740974e-07
-1.00520401999028e-05
-1.57308943799601e-05
-3.72046973734614e-05
1.09284246496052e-05
1.3107263735965e-06
1.45861306061045e-08
1.84010781516258e-09
9.27353542912543
-9.98846214631355
-4.99835003053911
-1.55026967595439
4.22467234127474
-2.62653690792526
-1.25886352853494
1.07061830324795
-0.0744669358751238
-0.349526707624309
0.194710010727135
0.188483135573907
-0.183423746690293
-0.0723031869519115
-0.0228129606477757
0.0459657766687556
0.0140482618914721
-0.00848786215895304
-0.00219230922667182
-0.00202525401365807
0.000333646681404847
-0.000831574510392206
-0.00053891731867979
-0.00032814985957692
-7.95519031564716e-05
-8.94210572665449e-06
-2.30610511164682e-06
-1.42253115332854e-08
1.76266956142039e-08
0.263363462888587
0.317197591670203
0.194695584522638
0.220835785880711
0.17072584913905
0.152088000664982
0.309865647733047
0.136335000183686
0.122576905285045
3.01008278816009e-05
0.524685953708374
0.0346740251995676
0.0286943757353145
0.110701735769448
0.257390004995884
0.000105720162892979
0.100466886826065
0.446715445006909
1.69535863159199
1.30215932064408
0.0916031271094606
0.837930006954098
0.696751736694224
1.99945531895982
0.0837950109316447
1.99999991565553
0.0766175671156547
1.99999999993293
1.53949732747027
0.0885630914734074
0.0270824572195626
0.0990363528141062
0.101767784391476
0.0963089746464144
0.0937180053814853
0.0808790071236285
0.0903336364558252
0.08700173796005
2.87888923957615e-05
2.1708849215474e-07
1.05067223915247e-08
1.24736120776617e-09
0.0838139732116195
0.126017200121639
5.14791610614091e-06
0.0806702510374204
0.0186267660418
0.00214878898760998
0.00196267725815629
0.0775663402215086
0.00166376832214459
0.00050241109696664
1.32515779907324e-05
0.0745716824439796
2.55018341899858e-07
0.0718000900937606
0.902308577277077
1.21327127509033
