-9.97754104845272
8.34690948077137
6.98098224139398
-6.91671889999589
4.00083521847455
-1.18463157633083
-0.623009300446599
-0.182742927044777
0.0564740663085487
-0.0002037126038585
-0.000410535286043328
1.57499276161013e-05
-8.67200085849198e-06
-2.34474543694785e-08
9.99999563877117
-9.99998705037547
-3.49336209415745
-0.0595689222258447
-1.80624716841026
-1.05066122482784
1.43062523672561
-0.311222436950859
-0.00693841273239459
0.00608493496661031
4.79241023324336e-05
-6.56557810604497e-06
-1.08861519507463e-05
-2.69554668918601e-08
0.260727356013356
0.318257293461886
0.218930755461064
0.188402968553671
0.161882108732463
0.308505736406218
0.140883217576565
0.124259899869121
0.110791922441276
0.0996172679493564
0.0900791840018376
0.334911862409601
0.0815472636430934
0.285677384094791
0.0874840651666413
0.0298742972934019
0.10026463467766
0.0999969614856544
0.0967867614701362
0.0850775970263598
0.0934708601691177
0.0899300251808219
0.0862748878470865
0.0826403409852673
0.0791320134287855
0.198638265396293
0.0758976302036937
0.253076794760992
