-9.91732134023043
8.57583793982177
-5.33561515585338
3.82291191835973
5.496226869281
-1.79375950787107
-1.00795388779994
1.1259058603128
-1.01799827958133e-08
-0.498310551152917
0.0778779646190475
-0.0495865691040118
0.00521346653342908
3.42753544844636e-07
-0.00143981324029467
-3.88791500957825e-05
1.35790030364658e-06
9.68245554874837
-9.99999999721116
-5.08184496980466
4.27483267596056
-1.62849172575311
-2.61989341694592
-1.3932528617614
1.0675445746632
1.26783153089733
-0.0769340829582161
-0.0722560791919875
-0.0534373507247008
0.0142732026993582
-0.010317713648545
0.0003417018055005
-8.30162377835847e-05
-2.45708164395915e-06
0.263259937772426
0.31690735251894
0.194856402517244
0.170750174763747
0.220823139608749
0.152036539315356
0.311113353700873
0.136334038413319
9.95914546551897e-05
0.122596390452794
0.110709443913327
0.260772168341121
0.100488194488083
0.65407940651967
0.091642262132225
0.0838390995322507
0.0766599621310155
0.0882855675948738
0.0281774836964103
0.0991101328495503
0.0963212183661339
0.101736752582405
0.0936745501629826
0.0783384528606676
0.0903026417987541
7.4026712460966e-06
0.0870075283817184
0.0838108825190303
0.125947918909556
0.0806417104186458
0
0.0775325262393892
0.0745346438374819
0.0717545094913674
