-8.13532292764617
7.11256417452656
0.914449505668718
0.820331343230992
-0.212583489461333
-0.000549431366510583
0.00106849379375761
9.71044192177393
-10
-5.2986802659738
1.06227863355073
0.0408616990743089
-0.0217347455251618
-0.000257765674100486
0.26392386095885
0.322793607493884
0.207450433925738
0.167384226214955
0.139416385532516
0.118901735725906
0.102775345867408
0.0923589765363102
0.0387090460232618
0.109262118637213
0.109581703533848
0.104878437077121
0.0990581852153935
0.0935141208200855
