-9.73612369259444
8.64006957043565
-5.46080800243582
5.55511675076664
3.8264146166527
-1.75898045578674
-1.19755730991091
1.11724498307396
1.5738744582955e-12
-0.497620181146754
8.47868419937143e-05
2.17389178059786e-06
0.0772826871687841
-7.80837826569151e-10
-3.05365357932005e-06
-0.0591233087318494
-2.77965370285212e-07
2.56089002782847e-06
6.6546626200108e-06
0.00511919501033671
-0.00966171658161603
-1.31651240079787e-05
1.18655632679231e-05
-0.000125495165213142
-2.31668995866677e-05
-0.0013935142355672
-2.1119826950335e-05
-0.000187642214325393
0.000815807877337659
1.35010948718884e-05
-0.000424093893072997
-0.000212547096416725
-1.77196555279065e-05
0.000195821448359988
-7.64496103419348e-05
-5.06088228235876e-05
-3.56881152031795e-05
2.42061347234279e-05
-5.68204831911145e-10
5.30764314879551e-06
1.16875928796885e-06
-2.74378676355468e-06
1.31678338748702e-06
-9.53294700846328e-07
-6.56484981824283e-08
3.84443962704643e-09
9.27543256350356
-9.98897600755937
-4.99831031345696
-1.55092985345229
4.22471040745526
-2.62652508139081
-1.26020465528932
1.07067804501078
0.700888483960336
-0.0744612473472071
0.194710010721554
0.18848313873745
-0.0722946434373011
-0.0980581913906063
-0.0833483563393
-0.0212301413301386
0.0319040642438865
-0.0280007971749294
-0.0183739361711272
0.0140503499377029
-0.00971064208856131
-0.00802131842939757
0.00533703317746969
-0.00331113949304376
-0.00219630476241567
0.000324730128013333
-0.0013375169170906
-0.001208514999036
-0.000134210225363457
-0.000786860455624816
-0.000113112419648403
-0.000307923774505451
-0.000327924043030449
-0.000169624835239457
-0.000142743810940798
8.73787757009764e-05
-7.89831994015546e-05
-5.21224125630095e-05
-2.72131455027929e-05
-1.62173034630786e-06
-2.68054187209423e-06
9.86884753850447e-07
-2.20902406372183e-06
-1.67638341327945e-06
-9.65614132571628e-08
-3.23465889135368e-09
0.263327278062911
0.31721063706149
0.194696210715468
0.220838345655222
0.170725410210879
0.152088214541095
0.309871856867889
0.136335293256462
9.89044029416311e-05
0.122576701993551
0.524686549167633
0.0364770145490332
0.110701076635655
9.04209673494187e-05
0.0424311795436977
0.257328081979847
0.0224868756172389
0.0596901114832932
0.144790866053263
0.10046985958219
0.440397374530602
0.169391889456423
0.455281092494938
1.30102412944405
1.69560163771917
0.0916075556461433
0.696694392616509
0.913374237373065
0.828957672044026
1.90583144265397
0.837925017698607
0.779195229347945
1.99945638932565
1.16121922156569
0.330048472985524
0.809970655784088
0.0837929568643435
0.582817800661682
1.02489261343388
1.99993503717592
1.13639674076599
1.99999987177312
0.0766031230739723
1.2078570762435
1.53949967947051
0.923471460009682
0.0885627581070309
0.027114739597425
0.0990361223613927
0.101765915496065
0.0963091093258791
0.0937176555004095
0.080821769287453
0.0903340686638791
2.94606326158553e-07
0.0870023059176335
1.72982207692316e-06
0
0.0838138880999263
1.3629145395165e-14
0
0.126581935900217
3.62517029579162e-08
4.29856346513704e-07
1.05321844234766e-05
0.080672257183142
0.0182876736392679
0.000352126468591678
4.71361259520958e-05
0.00568498872253023
0.00214977894604887
0.0775779170359897
0.00132267676913276
0.00117383092227757
0.000140175990019138
0.00168163756778095
0.00145478529221618
0.000298268822858539
1.01368861025019e-09
7.16142922788146e-13
0.00102333242283913
8.74570486441257e-05
0.0745999760265248
9.19524457673527e-05
1.33841539705563e-07
0.769724901390211
0.0802244792776936
0.98614628809739
0.0718401216541126
0.433284447807984
1.21327185145396
0.713540689174275
