-9.73613065135004
8.64004246731482
-5.4608004989203
5.55511730065969
3.82640063559036
-1.75898828037682
-1.1975542583871
1.11726047096139
-0.497626658008189
8.22977007685786e-05
1.33947256935899e-06
0.0772857470484109
-7.52196148155212e-10
-1.96844041366341e-06
-0.0591465913413788
-2.85361477067328e-07
2.21466010201951e-06
-4.43182987782272e-09
0.00511895870206038
-0.00967185184971694
-1.63647140732216e-05
1.10483509920928e-05
-0.000116250733884459
-2.14506879259898e-05
-0.00139363624157265
-2.46585423250069e-05
-0.000185945458743129
1.24351012586182e-05
0.000683965967282289
-0.000346178401649562
-0.000212438254397438
-1.76787443588186e-05
0.000187224305614351
5.25325266805888e-06
-3.5701765038903e-05
2.16921799319649e-05
6.51470834884933e-06
5.31713810639755e-06
-1.13976351533015e-06
-2.7661766614827e-06
1.31566511155869e-06
-8.70341261378657e-07
-6.71354556920197e-08
2.40253960595191e-09
9.27546848416185
-9.98910269301771
-4.99831487764583
-1.55092796913372
4.22472458275897
-2.62653903110643
-1.26019836530322
1.07068087642723
-0.0744678022451951
0.194710010723972
0.188483138737451
-0.07228846896157
-0.0980581913906063
-0.0833483561069427
-0.0212182402998536
0.0319040413929828
-0.0280007971756826
-0.0183739335877978
0.0140495133761093
-0.00972482277288763
-0.00802003332875544
0.00533691837290681
-0.00320325046261524
-0.00219617668574087
0.000324835835291195
-0.00133679692334798
-0.00120855136466326
-0.000787013675299754
-0.000138672233243422
-0.000160394448872249
-0.000307456267936049
-0.000327924043044198
-0.000169624835246896
9.22671981283432e-05
-7.89780663185187e-05
-5.89349992353396e-05
-5.14248181412649e-06
-1.71047516915427e-06
2.79481086718603e-06
1.00508425106229e-06
-2.21029548272016e-06
-1.31737622918886e-06
-9.62264672401901e-08
-3.81624654173182e-09
0.26332729878029
0.317210538403916
0.194696221270797
0.220838353148221
0.170725439323375
0.152088204297715
0.309871793866202
0.13633528115756
0.12257680242308
0.524686015598542
0.0363568915799388
0.110701195775983
9.04209669083913e-05
0.0424000447813434
0.257326280068446
0.022388347987045
0.0597766389231343
0.144791427831844
0.100469672571333
0.44039353150904
0.169356647292526
0.455284681929964
1.3010208442923
1.69560163914612
0.09160768625618
0.696694464484343
0.913374231132835
1.90583534889309
0.828980168408268
0.837912927757104
0.779195603291978
1.99945638906747
1.16121805464947
0.809971448121374
0.0837925798293776
0.582819487251933
0.330052866435098
1.99993528075082
1.13639733150812
1.99999987194932
0.0766031275756529
1.20785707607199
1.53949995880782
0.923471405154197
0.088562553864234
0.0271145157997579
0.0990361254537059
0.10176591048288
0.0963091099548327
0.0937176360536027
0.0808219592444228
0.0903340326928858
0.0870022340988888
0
1.58951877229579e-08
0.0838140960735098
0
1.89824112120738e-11
0.126579007364004
3.62865722461148e-08
4.64582594106518e-07
4.01430861953238e-09
0.0806723090422712
0.0183349927985765
0.00032040983994656
1.60068692344435e-05
0.00562266389776666
0.00214964808059797
0.0775777114474833
0.00132195020702628
0.00117386829609207
0.00168163908250073
0.000144055560147165
0.00146044368731812
0.000297815867862653
6.58509703906426e-10
5.56241940660906e-11
9.23464452305987e-05
0.0745998498947932
9.59754790032281e-05
0.00101342122089146
0.769724615030837
0.0802239747118279
0.986146288201393
0.0718401240967605
0.433284448093069
1.21327188176888
0.713540674622217
