-9.73364805041599
8.64170221986979
-5.46080462568617
5.55192209440292
3.82635582184118
-1.7589199998346
-1.19521706175794
1.11737987417014
-0.497683091167535
1.63738998911364e-11
7.83872884384985e-05
-2.07253068658024e-07
6.52245746829742e-10
0.077305318376867
-0.0640440987274836
-1.98056852354165e-10
-5.05257223591398e-10
0.00513797242025798
-0.00817041129156361
-1.96134548057553e-13
-1.07195889971752e-05
-0.00139646742283674
1.15131641722608e-05
1.1070493217986e-06
-9.95446810583568e-06
-1.57309006084775e-05
-3.71352734865892e-05
-2.41980849704488e-07
1.09284545174038e-05
1.30549567546726e-06
1.2414026153955e-06
4.4124428516964e-10
1.45241238531677e-08
1.82450331163258e-09
9.2735436097265
-9.98846208587448
-4.99835000263461
-1.55025979479185
4.22466531694083
-2.62653690811915
-1.25886331995856
1.07061830308547
-0.074470691926844
-0.227931861947386
0.19471001072698
0.188483135573894
-0.183423746690293
-0.0723002853017844
-0.0228077403991374
0.0459657762571508
0.0245101480846788
0.0140483298522107
-0.00848998477898858
-0.00801381497485319
-0.00219173131616587
0.000333509565057356
-0.000846310322209703
-0.000831657099448236
-0.000538867424094562
-0.000328149859752317
-7.95207473182917e-05
-6.6821955741917e-05
-8.92985491568833e-06
-2.30816596735365e-06
-6.4933805714251e-07
-1.23510328411085e-06
-1.39199398068335e-08
1.76271309716494e-08
0.263363396434377
0.31719759037009
0.19469558452241
0.220835824255412
0.170725839562413
0.152088000540566
0.309865653857866
0.13633500028364
0.122576951154921
9.41455815383209e-05
0.524685953757872
0.0346740251982794
0.0286943757353284
0.110701695696054
0.257389165606793
9.97201932160542e-05
0.00641152648775266
0.100466878264988
0.446718700226458
0.169574884116433
1.69556228332895
0.091603678596684
1.3020220955517
0.837930008757403
0.69675173771309
1.99945531895961
0.0837943665511311
0.828403212851254
1.99999007597099
0.0766159020183457
0.330050517214465
0.779178489186809
1.99888973455371
1.53949732793463
0.0885630656129639
0.0270824592447965
0.0990363529113648
0.101767813329324
0.0963089845259528
0.093718005392617
0.0808790055165757
0.0903336365346487
0.0870017463782082
2.49357501156709e-05
3.12059268239354e-11
1.05067223915247e-08
1.24736120776617e-09
0.0838140642821757
0.126017090178302
4.19194111948819e-06
1.32769371939173e-10
0.0806702356839545
0.0186225532925064
0
0.00214477357345626
0.0775662074476065
0.0046798493324548
0.00166380959216083
0.000502357575213032
1.32515823340712e-05
0.0745734911654944
2.98330324077738e-06
9.26643653410746e-14
0.0717974144365458
0.00112943011133759
2.63609266537233e-12
0.901420411389797
1.21327127471463
