-9.73485998081148
8.57449237361912
-5.39362467906488
5.5798859795745
3.80765673453285
-1.79381694334031
-1.19981050869415
1.12793654212769
-9.90310955297548e-09
-0.49824209384348
0.0780567376553794
-0.0495419912984223
0.00509230603956317
-0.00180464556840646
-0.00143348657473221
-2.51205138458802e-10
-3.76967391285018e-05
4.03545168738815e-11
1.36749935273668e-06
9.26243439474634
-9.9999999999233
-4.96476839311802
-1.5321616233717
4.22818751790297
-2.61995585619452
-1.25964930957082
1.06400985305144
1.2678315308973
-0.0755188096830021
-0.0721341905026623
-0.0534131846065755
0.0142812755700582
-0.0118588755026751
0.000324806402321785
-0.000222752985258319
-8.25778424540988e-05
-3.62621078933657e-05
-2.42190588105235e-06
0.263490845891007
0.316912200314598
0.194724707567021
0.220950916394118
0.170704915822803
0.152037150834468
0.30985961704413
0.136320995914476
9.95695248345283e-05
0.122588892961932
0.110718096393163
0.260765926294278
0.100498306508434
0.434236533628776
0.0916449107356992
1.64592119429601
0.0838358387454165
0.83783525109224
0.0766569251900498
0.0887501324563407
0.0281791179841043
0.0991415051885668
0.101745221986269
0.096339784773232
0.0936741330659995
0.0797106222783725
0.0903029241600549
7.42887081240206e-06
0.0870002740232203
0.0838121876933341
0.125950641739853
0.0806574378085698
0.00344457874325657
0.0775537616016314
3.67381845362572e-07
0.0745531738434727
7.63411972685315e-09
0.0717678129167163
