-9.70142110573918
8.15598683884249
1.30896462009248
1.09242719458972
-0.378259171605007
0.00346971937381343
0.0149462969891551
0.00432934682589506
-0.000483960912908353
-9.57127724824952e-06
-1.36206349210862e-07
10
-7.88534054121847
-6.04454946251083
1.47596078667776
0.0195924154167602
-0.0837000579823707
-0.0495062675877763
0.00153209414894953
-0.0017343847286793
0.000217096728052478
-3.27314303933037e-07
0.264604853067263
0.326184645148976
0.207720790746295
0.168416061920214
0.141731376585094
0.494523654458188
0.121962738693337
0.106679481806076
0.212658805842692
0.0942050459386868
0.478223080378546
0.0898706831313996
0.0378956616294554
0.107935347288892
0.107092865777068
0.10275963074351
2.34432851172838e-05
0.0974554842653929
0.0920717586499637
0.159201219056669
0.0872084681754965
0.446063075496587
