-9.7361346414346
8.64004958251
-5.4607691736656
5.55507165668933
3.82640831858203
-1.75898828605549
-1.19756197964889
1.11726057628271
-9.52359272647638e-11
-0.497626661304161
8.40902127816077e-05
1.22742684731377e-06
0.0772839475229789
-9.40896712330797e-10
-1.90286125718958e-06
-0.0591637282405351
-9.03627608582331e-08
2.10549613772143e-06
0.00512252310343007
-0.00967363997266102
-6.71549505947948e-06
8.51294712325041e-06
-0.000117110102101968
-2.14506687684288e-05
-0.00139456421395213
-2.44813392864075e-05
-0.000182314594541914
1.05108674633714e-05
0.000679311430104913
-0.000346177496622181
-0.000208740274872402
-1.69143186882028e-05
0.000188081174209791
2.97062289675528e-06
-3.56953401653297e-05
2.10307764677633e-05
2.73013883842458e-05
5.04035361392442e-06
-2.31969220905736e-06
1.30852593851766e-06
-7.30752615709014e-07
-7.07539510183085e-07
-6.45168156483905e-08
9.27546699094693
-9.98907399358137
-4.99831600854586
-1.55093850236645
4.2247188903805
-2.62653902591033
-1.26016611782257
1.07068114545851
0.791973707858223
-0.0744678202606868
0.194710010724992
0.188483138737443
-0.0722920895339457
-0.0980581913906063
-0.0833483560783626
-0.0212133661179922
0.0319040413930484
-0.0280007971945974
0.0140527161186066
-0.00972597184251729
-0.00801974358206945
0.00533691620906933
-0.00320554004774347
-0.00219617668614466
0.00032435764579046
-0.00133730582567661
-0.00119953582527847
-0.000792605795218382
-0.000134109210417832
-0.000160394483935514
-0.000312769233585169
-0.000327924043068497
-0.000169624835480121
9.22525795200283e-05
-7.89775139367963e-05
-5.88146538232836e-05
-1.72610571033947e-07
-2.78206965993453e-06
1.39862230872075e-06
-2.21331527582625e-06
-2.05091707887006e-06
1.8137892795501e-06
-2.9959658061564e-08
0.263327352903616
0.317210635853431
0.194696205153883
0.220838349801986
0.170725431758669
0.152088204195323
0.309871558292456
0.136335282397961
9.4046184209288e-05
0.122576803593682
0.524686016281926
0.0357681812461708
0.110701048393834
9.04209664275105e-05
0.0416184072061108
0.257325651066587
0.0180270148896518
0.0622611052506074
0.100469829375346
0.440392959326381
0.169356794288326
0.455284673236256
1.30097905689116
1.69560163914612
0.0916091160555032
0.696694416711183
0.913630982234774
1.90583393433333
0.82895926573398
0.837912927748732
0.779205624305692
1.99945638863892
1.16121811539783
0.809971448659672
0.0837925281783378
0.58281947950277
0.330050506557317
1.9999999995548
1.9999998714946
0.0765988935694814
1.20785707681755
1.13639733149035
1.53949995560113
0.088562439362671
0.0271145671151599
0.0990361689391173
0.101766009624757
0.0963091004095718
0.0937176348784599
0.0808223362306531
0.0903340327386104
2.19202412530923e-06
0.08700223366372
4.43221718526242e-08
0
0.0838140898251247
0
0
0.126576695748151
1.43527264359509e-08
3.92417590414814e-07
0.0806712289685129
0.0183356874929422
0.000313023005120517
1.52618612674079e-05
0.00562138860885415
0.00214964808101059
0.077578102599676
0.00132246384374482
0.00119822902853151
0.0016843028681717
0.000115008278556012
0.00146044369103686
0.000312238362376424
1.78565652501365e-10
2.76359033375104e-09
9.23318395822328e-05
0.0745999808853577
9.59067918014446e-05
0.00112943032181489
0.769699792542307
0.986146289283337
0.0718367551210739
0.433284450856766
0.0802239747094222
1.21327188180471
