-9.73364843597795
8.64170205005772
-5.46080462567668
5.55192442974174
3.82635991734112
-1.75891999983061
-1.19521709210235
1.11737987417761
-0.49768505158427
-1.09893866355344e-09
7.94101203579219e-05
-2.07086045205956e-07
9.59173782359678e-10
0.0773059251097188
-0.064046354892582
1.11670995892573e-10
2.30081782355624e-10
0.00513797240613163
-0.00817250948809203
-1.07241962535142e-05
1.15087762345514e-05
-0.0013963166045673
9.33109312753341e-07
-1.00526276348714e-05
-1.57308939177981e-05
-3.7165732431375e-05
1.09284659630521e-05
1.30538089367837e-06
4.00998555777836e-10
1.45640323495034e-08
1.84112027397855e-09
-4.15593128317659e-13
9.27353542929881
-9.988462146294
-4.998350002635
-1.5502696757008
4.22467234125157
-2.62653690811283
-1.25886352726011
1.07061830308465
-0.0744669358687237
-0.393725937205938
0.194710010727135
0.188483135573898
-0.183423746690293
-0.0723031869667014
-0.0228129729651974
0.0459657766687538
0.0245101482281545
0.0140483298426008
-0.00848786240402544
-0.00219162206038192
-0.00202342364555357
0.000333538667037355
-0.000831574723687907
-0.000538917329676966
-0.00032814985975286
-7.95088782035477e-05
-8.92985491568833e-06
-2.30817107633618e-06
-1.23510328411079e-06
-1.4360904447079e-08
1.76299158208908e-08
-1.9735150458408e-12
0.263363462837156
0.317197591796814
0.194695584502371
0.220835785811066
0.170725849171588
0.15208800061465
0.309865647746101
0.136335000246432
0.122576905339739
4.14315617414806e-05
0.524685953712867
0.0346740251987759
0.0286943757353249
0.110701735612665
0.257390010418705
0.000105720138600043
0.0064115162051686
0.100466878296203
0.446715444840485
1.69556228883723
1.30198123909846
0.091603416522939
0.837930006940906
0.696751736693994
1.99945531895961
0.0837941523971206
1.99999007597099
0.0766158097006709
0.779178489186809
1.99888973448602
1.5394973274703
0.330050508057793
0.0885630914374255
0.02708245704988
0.0990363528535305
0.101767784443064
0.0963089745933587
0.0937180053976376
0.0808790070640229
0.0903336364853121
0.0870017378063335
6.22562240159905e-06
2.17100032309735e-07
1.05067223915247e-08
1.24736120776617e-09
0.0838139730001406
0.126017200202951
5.14791229913193e-06
3.17980403134402e-10
0.0806702356480614
0.0186267661363386
0.00214466192500995
0.00195982419951261
0.0775663790820057
0.0016637684288312
0.000502411108762935
1.32515823475233e-05
0.0745728957446532
9.28284353070503e-14
0.0717975355715297
2.60694853586955e-12
0.901420411364451
1.21327127509034
0.00112942995071545
