-9.7348599766832
8.57449252600967
-5.393624246767
5.57988540730175
3.80765672527052
-1.79381697438059
-1.1998105041916
1.1279364759441
-9.90582199968323e-09
-0.498242027660896
0.0780568044583791
-0.0495419876589028
0.0050923663580434
-0.00180472790914241
-0.0014335209803628
-3.24910812866823e-10
-3.76920525340164e-05
5.5352427572982e-10
1.36761008348007e-06
8.38928702882164e-12
9.26243438691442
-9.99999999999986
-4.96476815178293
-1.53216196516501
4.22818748694838
-2.61995591940707
-1.25964931089076
1.0640097673112
1.2678315308973
-0.0755186780661213
-0.0721339835823066
-0.0534131848731551
0.0142813435346623
-0.0118588568518987
0.000324768524623436
-0.000227234402233263
-8.25770074135354e-05
-3.6262106159239e-05
-2.4218088687542e-06
-5.94363796522811e-12
0.263490846395971
0.316912204664979
0.19472470369054
0.220950921593543
0.170704918402121
0.152037148820012
0.309859603103732
0.136320996853529
9.95693959928919e-05
0.122588892783065
0.110718096783726
0.260765823676677
0.100498309910938
0.434236533300169
0.0916449871417769
1.69675346262284
0.0838358255140489
0.837835251317506
0.0766569646377658
1.50880361890639
0.0887501387135181
0.0281791192498192
0.0991415060771426
0.101745222222036
0.0963397860194321
0.0936741304781803
0.079710592307678
0.0903029282151519
7.42902846810631e-06
0.0870002688408773
0.0838121993816208
0.12595067018963
0.0806574096461489
0.00344451336925397
0.0775537912622593
5.02338236711961e-07
0.0745532455844356
0
0.0717678727876915
1.2334523518466
