-9.73611058443466
8.64004923238607
-5.46074520054307
5.55507285752579
3.82628010308206
-1.75904213459812
-1.19754997219902
1.11738497816562
-8.32667268358319e-16
-0.497644966263803
8.30895179374284e-05
1.04050765136228e-06
0.0772849729802165
-8.10448710083685e-10
-1.65385571555929e-06
-0.059137344084139
-8.34101612113718e-08
1.71628714696291e-06
0.00512836006730443
-0.00966759626173117
-1.27947465849438e-05
-0.000134678077258424
-1.28543845710615e-05
-0.00139705432692432
-0.000160052729832088
0.000665138349015065
-1.58534229151336e-05
1.38298896204522e-05
-0.000346093096628639
-0.000208740907341597
-1.68389662083539e-05
0.0001878951936324
3.67708662752993e-06
-3.57272113156761e-05
2.69721059281825e-05
3.99844269898554e-06
1.32699113346222e-06
1.23275010215594e-06
-1.11942623314908e-07
-7.36230893588656e-08
-6.3611456213352e-09
9.27554023689467
-9.98907492572082
-4.99831039033908
-1.55088597907291
4.22464020352162
-2.62663538814477
-1.26010140362632
1.07078286828677
0.777867487261624
-0.0744889311147147
0.194710010725001
0.188483138737443
-0.0722923579911745
-0.0980581913906063
-0.0833483587009695
-0.0211610143909278
0.0319040422704455
-0.0280007490325126
0.01405231256772
-0.00992269687699963
-0.00801836525535749
-0.00321573413571025
-0.00218625355334029
0.000326963632316094
-0.0011989155292777
-7.08030557372787e-05
-0.000542406749539116
-0.000465301329528292
-0.000160388308138361
-0.000312760064328141
-0.000327943930461849
-0.000169624835483719
9.22022553562375e-05
-7.94727409990693e-05
-1.7232822711114e-07
-4.90008503406226e-06
-2.22289606234539e-06
-9.70483987140516e-07
8.57819432702259e-07
-3.87865667000975e-08
8.8851045407423e-09
0.263325996022824
0.31721123822605
0.194696075415815
0.220838937181235
0.170725542750883
0.152087983264181
0.309873198091396
0.136335608527747
9.30941219501653e-05
0.122576991381288
0.524686016213719
0.0356836235773483
0.110701042069345
9.04209681377373e-05
0.0413871986548974
0.257318418396605
0.0174957706015523
0.062720939704727
0.100468792909476
0.440607444811286
0.169370829553399
1.30097927672874
1.69552819753311
0.091610162032797
0.913637946155752
0.828306202053071
0.696696866939906
1.99999999999888
0.837912929212948
0.779205631108217
1.99942385901211
1.16121811563059
0.809971451375736
0.083801012890301
0.330050506550555
0.582821763660281
0.0766103500915011
1.20785707836685
1.99888174409099
1.53949953272932
1.99999999963916
0.0885621537799688
0.0271132029601386
0.0990361702641291
0.101766269272967
0.0963094023209184
0.0937173375713682
0.0808254742350369
0.09033360235986
3.45344126300601e-06
0.0870022398337187
2.98997025525012e-09
5.58297315823137e-09
0.0838141267909501
0
1.11109935473136e-08
0.126573282924641
1.29280096671096e-08
2.27008040386544e-07
0.0806707055103959
0.0182413908489325
0.000274801198926254
0.00562723137394816
0.00213848192073367
0.0775723004900625
0.0011999004204922
2.3327370365997e-05
0.000504663691275181
0.00046514751464978
0.00146044301351173
0.000312229626724944
3.47037274298268e-06
2.97491812334878e-09
9.22815697550212e-05
0.0745985860765179
0.00112943032190113
5.07751121516687e-06
0.0718346942250909
0.433284445219229
0.901424293679678
1.21326895741916
0.769699793396786
