-9.73364805081473
8.64166818514619
-5.46085696816118
5.55192209078355
3.8262637570052
-1.75890703919264
-1.1952170546801
1.11752386226636
-0.497723413832629
7.83139939132499e-05
-2.11186057206534e-07
5.55955144650584e-10
0.0773053183737584
1.03737418735087e-10
-0.0640441247014967
-8.09001329827157e-11
-4.25730973092173e-10
0.00513798537450395
-0.00817042261241789
6.23246239628015e-05
-1.15117591800004e-05
-0.00139695150559449
1.18066351515686e-05
1.10704486648562e-06
-9.95446452533712e-06
-1.57309026593352e-05
-3.70955851902838e-05
-2.28477464065253e-07
1.14190617011301e-05
3.90045456319759e-12
1.32597900337766e-06
1.25000984656198e-06
4.40205934458422e-10
2.05075602548832e-08
-4.49438966294287e-09
0
9.27354360979844
-9.98863781693518
-4.99829118846711
-1.55025978849409
4.22456060610851
-2.62668998946706
-1.25886332008563
1.07078302363246
-0.0745036605440518
0.19471001072698
0.188483135573893
-0.183423746690293
-0.0723002853014659
-0.0833483589847124
-0.0228077428775118
0.0459657762571164
0.024510158105216
0.0140483234014244
-0.00848998067144239
-0.00801381497485312
-0.00218948284198589
0.000333803609619797
-0.000856950053320711
-0.000831656977111144
-0.000538868456520015
-0.000328149859751958
-7.98052298224819e-05
-6.68219483189988e-05
-9.01522161575301e-06
4.3648162522935e-06
-2.29668964438703e-06
-6.49318311351962e-07
-1.23510328411083e-06
6.85757944452507e-08
1.34360660712751e-08
0
0.263363394997188
0.317197342540375
0.19469549434007
0.220835834372619
0.170725856510182
0.152087969224994
0.309865635316068
0.136335412743591
0.122577280594058
0.524685953758703
0.0346740246312059
0.0286943757353323
0.110701695621447
0.0136264709923569
0.257389183982356
9.97196290932346e-05
0.00802853030726883
0.100466872832869
0.446718701996954
0.169439009821634
1.69556232586467
0.0916036143053886
1.302022220726
0.837930008762292
0.696751737319425
1.99945531895961
0.0838005022743092
0.828403212851831
1.99999220441345
0.809891070674891
0.0766221046132674
0.330050517214443
0.779178489186809
1.99888973444189
1.53949732629023
1.20832286609286
0.0885630656318877
0.0270824070461088
0.0990363804425611
0.101767806958652
0.0963091090193517
0.0937178317113615
0.0808790337008085
0.0903329913238677
0.087001771702475
9.77679871146884e-11
1.07312340927119e-08
1.24736120776617e-09
0.0838140641739541
8.53349479993131e-11
0.126017211785924
4.19183842673412e-06
2.0952925428566e-10
0.0806702324370031
0.0186225512272725
2.61287127945547e-11
0.00214247587371145
0.0775651385019281
0.00468178958348751
0.00166380953098777
0.000502358675537637
1.3251582325183e-05
0.0745726975104542
2.98313697307441e-06
1.56374585457686e-06
2.89047643784882e-10
0.0718069989720944
0.00112943011132734
2.62788128564862e-12
0.901420411615144
1.21327127225158
0.433292363591102
