-9.7336554434111
8.64167819238739
-5.46079429197351
5.55216085256078
3.82624962964374
-1.75885330868609
-1.19544600405154
1.11764528469337
-0.498064152375118
-1.88069932903923e-09
8.88762761279835e-06
-2.09570533418353e-07
0.0774540792023893
-0.0643107722104769
0.0051212691975081
-0.00780358526409818
-1.07817764610632e-05
1.14746269642123e-05
-0.00139833006955472
-1.65143466881699e-06
-4.70307231827092e-06
-2.27707578643416e-07
-3.75953260830443e-05
2.16467903324749e-12
1.38630375786877e-06
5.01432977351303e-10
6.91311044470158e-09
9.27350158565922
-9.98688253259169
-4.99835541774488
-1.55024865433796
4.22468237394139
-2.62604465480244
-1.26184073023075
1.07113655961329
-0.0754214745384021
-0.349526707624309
0.194710010728131
0.188483135573912
-0.0719803461965451
-0.0230064125356829
0.0140167761425787
-0.00853754161643191
-0.00218561935724728
-0.0020209412966549
0.000338160390010714
-0.000932683976530607
-0.00033067375361503
-0.000196743900042451
-8.05815430058645e-05
-8.9517398787486e-06
-2.32102790150827e-06
1.39334388907969e-08
5.61398290739822e-09
0.263367451440747
0.317175826221254
0.194695573462383
0.220836063093962
0.170726473435954
0.152086857242108
0.309902744920899
0.136335224080683
0.122586488881834
3.02440862170957e-05
0.525472541875681
0.0346740267735681
0.110706130270195
0.257380369998304
0.100461660849942
0.446654915798224
1.6954058317247
1.30182934563324
0.0916018711956548
0.838237068805267
1.99999999999984
0.696983833023453
0.0838118697213137
2
0.0766533164801807
1.51117309604877
1.99999923051359
0.0885670716267815
0.0270966964822956
0.0990363830681265
0.101766316806299
0.0963090408568988
0.093719408791286
0.0808281912244655
0.0903302404254363
0.0870014445550609
2.86224485814584e-05
1.31431501517826e-07
9.63759035300377e-09
0.0838238782753306
0.125982667825284
0.0806738169971356
0.0185790382482891
0.00215226788364666
0.00194938754174156
0.077557941183751
0.00170960006878661
1.14066026983451e-11
4.08354588697149e-06
0.0745594601370755
1.53811623465198e-13
0.0718118366079363
1.23035772341925
0.902308252463805
