-9.73610873548614
8.62436051135287
-5.46099098983238
5.55506648012932
3.82653095585461
-1.75881373917268
-1.1779288163208
1.11723584248712
-6.27226540749219e-07
-0.497693380209177
-5.58403345424967e-12
-3.14525348068771e-05
9.16782224499513e-05
2.14338092417146e-06
0.0772643741825784
7.3042213179843e-10
-1.09373883749844e-06
-0.0590760967427174
-4.32936560738656e-07
3.61231925029629e-06
-0.0132100321981589
-1.16816112029904e-05
0.00511372157998288
-5.67875498777725e-09
-2.53125438779265e-05
1.21034754526056e-05
-3.62064045979893e-05
-0.000108619910522992
-2.4608259059083e-05
-0.00138061815924038
-0.000237628522449701
0.000850601617735297
1.56144354023259e-05
-0.000447493682186781
0.000399089363057409
-0.000371814569009533
-0.000215707819245935
-5.60251446414789e-05
-4.68121200447506e-05
-0.000104838206422012
-3.6065177839672e-05
-5.51370900072697e-05
2.69309003773157e-05
-2.07775165116607e-05
8.80177853819165e-06
3.2459575342585e-06
-3.08576894243515e-06
1.22407272010419e-06
8.54526688129925e-07
5.32029755526596e-08
9.2754348902029
-9.98719746912162
-4.99846666580814
-1.55099239971301
4.22480134283633
-2.62718889457525
-1.25598515166417
1.0714310988257
-0.55189312536557
-0.0744588971143436
-0.395586170064135
-0.387484033493883
0.194710010891632
0.188483138737447
-0.0724173802330265
-0.0980581915344917
-0.0833483784489248
-0.0212227680425058
0.0319269909514866
-0.0280007968762216
-0.013076864593472
-0.0183753152617897
0.0140478510029576
-0.0130607136815491
-0.00801388333115655
0.00533716597955038
-0.00337883055471681
-0.00326727513315281
-0.00218806905281657
0.000322570986398433
-0.00121083996570811
-0.000123858687468215
-0.000773426854889166
-9.82335399033684e-05
-0.000169624834532669
-0.000173248756573228
-0.000304739343630442
-0.000327924019693102
9.94968782392432e-05
-2.72167421305791e-05
-7.69495553602736e-05
3.49566618530466e-05
-3.58177663262647e-05
-1.12935650148336e-05
-1.76948399061627e-05
-1.76990027808248e-06
4.59595729842395e-07
-2.19013107257998e-06
3.48984630406411e-07
3.22134042361149e-08
0.263327166180363
0.317361712264752
0.194696156541955
0.220838137030858
0.170725409667392
0.152088945008988
0.309936073276763
0.136337945144057
0.0437885840236827
0.122575782451547
3.38101597220891e-05
0.254616719296599
0.524700081597993
0.0364771703762772
0.110700252735705
9.68193063920029e-05
0.0422743278223967
0.257327427056407
0.0237332344949809
0.0589542247719316
0.437923548350532
0.144706157052522
0.100472150725912
0.00752370051428789
0.169390074881822
0.455281063761532
0.695636289297864
1.30102429511151
1.69559962663001
0.0915938443198856
0.91337382149467
0.828894547518433
1.90577648515068
0.837929355748272
1.16115561924861
0.32998112758218
0.779188670081854
1.99969424217366
0.809977243220212
1.02484383946671
0.0837567619929581
1.13639669074171
0.582813820792155
1.20800378494461
1.9995918339266
0.583487649469656
1.99999898212348
0.0765619676964152
1.53950587456677
0.924203759444453
0.0885632936790933
0.0270598897036957
0.0990358309394414
0.101765927257786
0.0963088958986623
0.0937165456328827
0.0809425437778631
0.090333663322996
2.06552654301791e-11
0.087002687571719
0
4.53365756698617e-05
9.45602706717128e-06
0
0.0838099727945968
3.90063284079487e-06
1.66674006091381e-08
0.126588589550487
6.17017475048455e-08
2.20277002439752e-06
0.0202162689633747
0.000143789724901922
0.0806747891200507
0
0.000410669248526911
6.23673697232088e-05
0.0034967550334564
0.00566945302812833
0.0021413802536865
0.0775921969345553
0.00117622841379958
0.000128353088794564
0.00167651408102061
0.00145358941105501
7.65028942140561e-12
0.000994905604240664
0.000288759787873965
7.02123952003702e-09
9.95846274717214e-05
6.13693613630084e-09
0.0746012747962765
0.0802244985384228
8.31862668263843e-05
0.433218515200683
0.769762237637063
5.70197190922214e-07
0.986146438158364
0.0718306585569901
1.21326263777103
0.713459790317816
