-9.73364863201895
8.64170221986939
-5.46080462568172
5.55192442964475
3.82635991733543
-1.75891999983549
-1.19521704223719
1.1173798741754
-0.497685051584078
-1.10989925181013e-09
-1.01513742002187e-11
7.94101155509753e-05
-2.07132300860515e-07
8.75132610891203e-10
0.0773059251091945
-0.0640463787640695
9.45598307059876e-10
-4.99203385291331e-10
0.00513797241742318
-0.00817250949232255
-1.07241910920704e-05
-0.00139631653975888
1.15091008699692e-05
9.3306732352625e-07
-1.00526606233019e-05
-1.5730900017833e-05
-3.71656726729237e-05
1.09284601345358e-05
1.30537382027384e-06
4.47595500952004e-10
1.45632549147087e-08
1.83039641154623e-09
-5.42844061113932e-12
9.27353520024132
-9.98846208587457
-4.99835000263441
-1.55026967560826
4.22467234125227
-2.6265369081117
-1.25886336990008
1.070618303087
-0.074466935864606
-0.393725937205938
-0.227931861947386
0.194710010727135
0.188483135573897
-0.183423746690293
-0.0723031869626558
-0.0228127961679153
0.0459657762439902
0.0245101480846788
0.0140483298589068
-0.0084878624039703
-0.00219162206024662
0.000333538678160161
-0.000847501282288727
-0.000831574718344389
-0.000538917328434257
-0.000328149859752342
-7.95088356201193e-05
-8.92985491568833e-06
-2.30816475472667e-06
-1.23510328411085e-06
-1.43612688867338e-08
1.76260660011105e-08
-1.97437629238688e-12
0.263363462455104
0.317197590360669
0.19469558453359
0.22083578578927
0.170725849187609
0.152088000561781
0.309865654155326
0.136335000266196
0.12257690538964
4.14315617414806e-05
9.41455810782897e-05
0.524685953712866
0.0346740251986953
0.0286943757353273
0.110701735589638
0.25738998632933
9.9503397872911e-05
0.0064115264877526
0.100466878261453
0.446715444840498
1.69556228883723
0.0916034165314453
1.30201551342438
0.837930006940818
0.696751736694051
1.99945531895961
0.0837941528271634
1.99999007597099
0.0766158097007785
0.779178489186809
1.99888973448602
1.53949732793463
0.330050508057793
0.0885630913150005
0.0270824593045353
0.0990363528758619
0.101767784448869
0.0963089745488339
0.0937180054033848
0.0808790037373486
0.0903336365329892
0.0870017377826177
6.22562240159905e-06
2.49357505571075e-05
2.17100589813769e-07
1.05067223915247e-08
1.24736120776617e-09
0.0838139729423848
0.126017194261167
4.15190439312954e-06
1.57988721432414e-10
0.0806702356640562
0.0186267661363018
0.00214466192487168
0.0775663790816161
0.00467844857320471
0.00166376842616071
0.0005024111074306
1.32515823346992e-05
0.0745728976202969
9.23645032936684e-14
0.0717975355717947
2.63598776394077e-12
0.901420411364451
1.21327127471463
0.00112942995071545
