-9.73364843597773
8.64170205005883
-5.46080462567551
5.55192442974245
3.8263599173318
-1.75892000007372
-1.19521709210236
1.1173798741786
-0.497685051584171
-1.09788428916205e-09
7.94101254209505e-05
-2.06943916347338e-07
8.31240647992596e-10
0.0773059251091292
-0.0640463547807284
1.13721469646555e-10
2.38589580489614e-10
0.00513797356259603
-0.0081725094856809
-1.07241977007701e-05
1.15087698784815e-05
-0.00139631764377042
9.33107016266022e-07
-1.00526223168176e-05
-1.57308931762989e-05
-3.71657528568643e-05
1.09284677857348e-05
1.30538416706297e-06
4.02792288688974e-10
1.45696582361061e-08
1.83891138714857e-09
9.27353542929841
-9.98846214629404
-4.99835000263512
-1.55026967570111
4.2246723412965
-2.62653690792661
-1.25886352726035
1.07061830308328
-0.0744669358708809
-0.393725937205938
0.194710010727135
0.1884831355739
-0.183423746690293
-0.0723031869660762
-0.0228129730029309
0.0459657766687542
0.0245101482281545
0.0140483291072238
-0.00848786240462287
-0.00219162206042249
-0.00202342364560522
0.000333539261973086
-0.000831574464095305
-0.000538917329661693
-0.000328149859752911
-7.95088912141922e-05
-8.92985491568833e-06
-2.30818198315997e-06
-1.23510328411062e-06
-1.43569906533928e-08
1.76303437113181e-08
0.263363462841335
0.317197591794517
0.194695584496313
0.220835785810645
0.170725849171543
0.152088000631448
0.309865647736535
0.136335000228312
0.122576905311634
4.14315617414806e-05
0.524685953712869
0.0346740251989381
0.0286943757353216
0.110701735633289
0.257390010460802
0.00010572014414415
0.00641151623492694
0.100466877933738
0.446715444840268
1.69556228883723
1.30198123909846
0.091603418963057
0.837930006953026
0.696751736693994
1.99945531895961
0.0837941523966641
1.99999007597045
0.0766158097004827
0.779178489186809
1.99888973448602
1.5394973274703
0.088563091435373
0.0270824570619735
0.0990363528489528
0.101767784444202
0.0963089746075478
0.0937180053873382
0.0808790070568291
0.0903336364676153
0.0870017378340974
6.22562240159905e-06
2.1709348334919e-07
1.05067223915247e-08
1.24736120776617e-09
0.0838139730563509
0.126017200231945
5.14791316796328e-06
3.14917264718108e-10
0.0806702359903292
0.0186267661366606
0.0021446619250514
0.00195982419956594
0.0775663779806792
0.0016637682990087
0.00050241110874655
1.32515823487931e-05
0.0745728957442838
0
0.0717975355712667
2.52546128241763e-12
0.901420411364451
1.21327127509034
