-9.95282564750826
8.4061009383151
6.97996314283368
-6.91887019470807
3.99987169674078
-1.26549341213719
-0.622629499819064
-0.181334201367279
0.0558124182259836
7.94783165343412e-06
-0.000269493283525624
-0.000380866256236387
-8.24594594854022e-06
5.33487207337653e-06
6.27925219930361e-08
9.95844995449797
-9.92260185245561
-3.49319289387064
-0.0605111759467512
-1.80691044174387
-1.06423851673118
1.42854875312038
-0.310553796289313
-0.00627649941251809
-0.0332360174308613
0.00584102841092033
4.68358455701066e-05
-9.63628897740221e-06
4.98174595618892e-06
-2.41414998089219e-08
0.260705689504569
0.318209476265529
0.218929490051704
0.188405650940758
0.161881610238416
0.307981795279984
0.14088282085427
0.124265162552757
0.11079924863065
0.0620835840795716
0.0995727731259177
0.0899680108247754
0.0814175726315718
0.354342585923585
0.162355263080078
0.0875318095309293
0.0296628817707379
0.100258668436846
0.0999978321097117
0.0967857749068831
0.0848345808612299
0.0934781402403047
0.0899429072807992
0.0863270481290882
3.88213656160424e-06
0.0827308824336543
0.0792059576735843
0.0759224684989724
0.21881694849768
0.15531378041249
