-9.73468967106284
8.57545545518987
-5.39605746048313
5.57979747272717
3.80936554247256
-1.79381694580983
-1.19980695011408
1.12784283312764
-1.08467070648208e-09
-0.498176889479622
-2.80800294419332e-08
0.0780464584578892
-0.049819938843665
0.00509236590834549
-0.00181253644210681
-0.00143352863247381
-2.28656158837823e-08
2.23910949617545e-08
5.89007401573063e-08
-3.75949294730137e-05
1.36382958235017e-06
-4.58698819159445e-11
9.26246966010666
-9.99175843280997
-4.96468535214285
-1.532179252807
4.22763746295169
-2.61995593593578
-1.25964977526539
1.06406913764082
0.783274621179166
-0.0754737217485991
0.188482929229059
-0.0721504218924449
-0.0533219421758955
0.0142813441500929
-0.0118638712754973
0.000324341894209938
-0.000334210387795117
-0.000228319232651662
9.10802406562081e-05
-8.25211804528476e-05
-2.41616297236969e-06
6.00438292216934e-11
0.263491286992777
0.316925775359935
0.194721617563179
0.220950782543923
0.1707041685986
0.152037149399844
0.30985962036315
0.136321589487223
9.82258521802665e-05
0.122588013726833
0.0195618162160718
0.110717949148073
0.260725141089864
0.100498313497546
0.433988274329591
0.0916454932081661
2
1.69675457177041
0.843896265311655
0.0838352219372474
0.0766545696712428
1.5088036189067
0.0887504354394319
0.0281805688874218
0.0991398357412793
0.101745238509124
0.0963376124108985
0.0936741301842265
0.0797105914895207
0.0903032941666533
4.61626175692326e-07
0.087000556204848
1.43663537631699e-09
0.083811729806341
0.125938157369087
0.080657410426803
0.00344700104923698
0.0775542416147523
6.94618490513936e-06
2.3634419184944e-05
9.2426825030738e-05
0.0745552268687555
0.0717687620257234
1.23345235184599
