-9.6831658400092
8.05031485828795
1.56767112933392
0.882543051221262
-0.334494670311242
0.0130769378041143
0.00400607335316007
-2.15503013412651e-06
6.19238076664772e-07
10
-8.9651251391243
-6.037549114351
1.48454162846587
-0.000376750064399187
-0.0438997796120954
0.00127357297301064
0.000206309276665373
-3.36910778791403e-06
0.264507460549668
0.323661918458115
0.208607279145503
0.168970418683774
0.141497797074069
0.121607237372225
0.106435913750511
0.0940872787186328
0.781347512229395
0.0900863156962011
0.0367788066870352
0.107508506389575
0.108058064921517
0.103479582234635
0.0977421048087319
0.0921317700231549
0.0871964728808359
0.558902665866235
