-9.73468963908721
8.57449278078693
-5.39354992674532
5.57979747273851
3.80756993801309
-1.79381697441375
-1.19980695006773
1.12791072960916
-9.79173935257532e-09
-0.498197959025537
0.0780464584653884
-0.0496159849252381
0.00509236589975139
-0.00181253638955361
-0.00143353156351194
-2.42901352890087e-08
2.23276227517932e-08
-3.75948109802638e-05
4.33802045837704e-09
1.36393663954623e-06
-4.4895212735154e-12
9.26246969859777
-9.99999999999994
-4.9648068856822
-1.53217925280614
4.22827808910147
-2.61995591946102
-1.25964977526494
1.06389685328746
-1.09970221527929
-0.0754281037788933
-0.0721504218999458
-0.0534636060708996
0.0142813440848153
-0.0118638712760289
0.000324336033165198
-0.000350860278489233
-0.000228319232647317
-8.25212609284462e-05
-3.91467038931146e-05
-2.41712748049429e-06
1.05099611612388e-11
0.263491286817721
0.316912208982899
0.194724798018576
0.220950782614844
0.170705088998504
0.152037149084779
0.309859620382797
0.136320803024492
4.6399202835097e-05
0.122588004178897
0.110717948377484
0.260763723702014
0.100498313621209
0.433988274329356
0.0916455304870986
1.99999999999445
1.69675457177041
0.0838352219411437
0.837835149693424
0.0766545696703325
1.5088036189067
0.0887504355423556
0.0281791184760164
0.0991414727170654
0.101745238424285
0.0963398614834975
0.0936741302621282
0.0797105914911629
0.090303296163893
1.21445541801235e-05
0.0870002356805152
0.0838117296762502
0.125941902991032
0.080657410367804
0.00344700105107358
0.0775542652334169
8.54447364211033e-06
2.36344191429653e-05
0.074555226851238
1.69478604199273e-05
0.0717687620259353
1.23345235184599
