-9.73364843612355
8.64170204984526
-5.46080462566736
5.55192442966515
3.82635991742734
-1.75892000006959
-1.19521709210184
1.11737987431046
-0.497685051582068
-1.061458279279e-09
7.94101289916841e-05
-2.06758756238209e-07
6.7318036965684e-10
0.0773059251126819
-0.0640463547799349
1.46911441710675e-10
2.35286543990409e-10
0.00513797356540528
-0.00817250948381945
-1.07242013293367e-05
1.15087676362153e-05
-0.00139631771191838
9.33178259168772e-07
-1.00520422635517e-05
-1.57308933534008e-05
-3.7165782059618e-05
1.09284689742758e-05
1.30538068964764e-06
1.45656124454979e-08
1.84288918690907e-09
9.2735354291217
-9.98846214631364
-4.99835000294722
-1.55026967595331
4.22467234127818
-2.62653690792672
-1.25886352726058
1.07061830324981
-0.0744669358733742
-0.393725937205938
0.194710010727135
0.188483135573901
-0.183423746690293
-0.0723031869748415
-0.0228129730017866
0.0459657766687548
0.0245101482281545
0.0140483290859228
-0.00848786240521787
-0.00219162206046508
-0.00202342364554177
0.000333539255752509
-0.00083157451014943
-0.000538917318630176
-0.000328149859753092
-7.95089171898087e-05
-8.92985491568833e-06
-2.30819432997697e-06
-1.43646884650985e-08
1.76318132681295e-08
0.263363462882246
0.317197591711261
0.19469558445734
0.220835785829364
0.17072584916002
0.152088000663296
0.309865647720373
0.136335000207584
0.122576905281363
4.14315617414806e-05
0.524685953712875
0.0346740251990729
0.0286943757353166
0.110701735692126
0.25739001046654
0.000105720152346996
0.00641151623492732
0.100466878020946
0.446715444840148
1.69556228883723
1.30198123909846
0.0916034189554024
0.837930006954099
0.696751736694225
1.99945531895961
0.0837941523951278
1.99999007597055
0.0766158097001502
1.99888973448602
1.53949732747027
0.0885630914594648
0.0270824571823924
0.0990363528453092
0.101767784387278
0.0963089746438066
0.0937180053857596
0.0808790070676194
0.0903336364461631
0.087001737881704
6.22562240159905e-06
2.17078568581368e-07
1.05067223915247e-08
1.24736120776617e-09
0.0838139731351363
0.126017200227064
5.1479144534526e-06
3.09762457608583e-10
0.0806702359993622
0.0186267661370498
0.00214466192509493
0.00195982419950043
0.0775663779955277
0.00166376832202325
0.000502411096913419
1.32515823532859e-05
0.074572895744224
1.45277287176561e-16
0.0717975355710053
0.901420411364451
1.21327127509033
