-9.73611058443466
8.64004923638116
-5.4607452019747
5.55507287899878
3.82628010308206
-1.75904215974535
-1.19754997385413
1.11738497862296
-0.497644966263803
-1.05216505412691e-09
8.30896452225459e-05
1.04050765136228e-06
0.077284976947704
-9.33959722996936e-10
-1.65433962347067e-06
-0.0591373459557772
-8.40138271523654e-08
1.70969123143801e-06
0.00512836179492173
-0.00967420822816431
-1.27947465849438e-05
-0.000134678077258424
-1.27785375321033e-05
-0.00139705635510124
-1.68204946086586e-05
-0.000160052314147312
0.000656498994415102
1.38298896204522e-05
-0.000346093096628639
-0.000208740279385697
-1.69398361986805e-05
0.00018789448130924
3.67733798183239e-06
-3.57267326919043e-05
2.69721059281825e-05
2.02543664071063e-05
1.32690999850312e-06
1.23313658754367e-06
-1.15994223859616e-07
-7.36226300354819e-08
-6.39378362319856e-09
-5.88293495000449e-10
9.27554023689467
-9.98907492524013
-4.99831039124806
-1.55088595207657
4.22464020352162
-2.62663538324588
-1.26010140398636
1.07078286904474
-0.0744889311147147
-0.48548196746989
0.194710010725001
0.188483138737443
-0.0722923551633674
-0.0980581913906063
-0.0833483587008194
-0.0211610114116999
0.0319040422704454
-0.0280007490284143
0.0140523143112436
-0.00972586508449709
-0.00801836525535749
-0.00321573413571025
-0.00219604542192621
0.00032696126638373
-0.0013255174866253
-0.00119891551190642
-0.000134215458138099
-0.000465301329528292
-0.000160388308138361
-0.000312769233631476
-0.000327924043577219
-0.000169624835483734
9.22022579763707e-05
-7.94731860411319e-05
-1.7232822711114e-07
-9.21608631266609e-07
-2.22300253357189e-06
-9.70641265503526e-07
8.55489433177653e-07
-3.87857973737023e-08
8.96015894071314e-09
-2.64645847177323e-10
0.263325996022824
0.317211238426429
0.194696075439235
0.220838937395564
0.170725542750883
0.152087983212445
0.309873197808406
0.136335608561251
0.122576991381288
0.494815480871831
0.524686016213833
0.0356836235773483
0.110701043308192
9.04209681377374e-05
0.0413871986782079
0.257318412729463
0.0174957707002874
0.0622928013373751
0.100468794479086
0.440393006432607
0.169370829553399
1.30097927672874
1.69560163992166
0.0916101635777691
0.696668137770291
0.913637946158015
0.828959882074056
1.99999999999888
0.837912929212948
0.779205624305661
1.99945635358444
1.16121811563158
0.809971451375632
0.0838010096240624
0.330050506550555
0.582805161528567
0.0766103485322825
1.20785707836658
1.99882797860121
1.53949953272933
1.99999999963916
1.14080230401381
0.0885621537799688
0.0271132027272665
0.0990361702236416
0.10176626932771
0.0963094023209184
0.0937173374949706
0.0808254744896962
0.09033360232799
0.0870022398337187
1.72185922082482e-10
2.85112545430822e-09
5.58297315823137e-09
0.0838141266339176
0
1.05483234608452e-08
0.126573286466226
1.31476862603579e-08
2.44424501605263e-07
0.0806707001276219
0.0183356179617774
0.000274801198926254
0.00562723137394816
0.00214951395501994
0.0775722894539856
0.0013105445204356
0.00119990040312707
0.000115132397682689
0.00046514751464978
0.00146044301351173
0.000312238362422749
6.1864139088624e-13
2.97484866817566e-09
9.22815723729185e-05
0.0745985797477164
0.00112943032190113
1.61782315493781e-06
0.0718346959759278
0.433284445219256
0.901415778870583
1.21326895741915
0.769699793396786
0.0807713060608331
