-9.73612369263796
8.6241175735414
-5.46106261491368
5.55511644105321
3.82641461657579
-1.75869052803058
-1.17793762509206
1.11707883428283
-2.44989575257673e-07
-0.497553192193724
-3.26585770133869e-11
8.616121209143e-05
2.1738615042105e-06
0.0772766051612812
-6.59992983731515e-10
-2.80294696729206e-06
-0.0591233087318494
-2.79360182141201e-07
2.58770600882585e-06
-0.0132081439675817
6.65463330522655e-06
0.00511895169874696
-9.26617993587415e-06
1.18655632679231e-05
-4.01421308598219e-05
-0.000127871880584044
-2.25572665028606e-05
-0.00139335498984673
-0.000187626329316106
0.000815807875081839
1.35010952559704e-05
-0.00042984031553659
0.000400706757676275
-0.000213144569598424
-5.62222768902844e-05
-8.24584461805074e-05
-0.000168070101160833
-4.54959008099592e-05
-3.56800038989964e-05
2.42062303145344e-05
-2.26947746663905e-05
8.36149556995093e-06
-7.67534294799626e-06
-2.74254030056532e-06
1.31717268992482e-06
8.58776813285597e-07
5.71495157683372e-08
9.27543256350314
-9.98690918707583
-4.99850828464863
-1.5509303219656
4.22471040745329
-2.62725307000386
-1.25597066824586
1.07151675108229
-0.551893125365401
-0.0747000860703205
-0.387484030991563
0.194710010716207
0.18848313873745
-0.0722784954416124
-0.0980581913906063
-0.0833483563393
-0.0212301413301386
0.0319040642239333
-0.0280007971636551
-0.0130809038768233
-0.0183739361711215
0.0140497184014298
-0.00802303496329573
0.00533703317746969
-0.00345520715251562
-0.0032887383564722
-0.00218552903221305
0.000324892314596544
-0.00120851512001162
-0.000134210225367155
-0.000786860455623446
-0.000105504197098713
-0.000169624834533319
-0.000304894632587992
-0.000327924020011688
-0.000190418528443736
-2.7216746846965e-05
0.000100418525446488
-7.89815624131186e-05
-5.21224123081703e-05
-1.19726940787819e-05
-1.91136497145823e-05
1.89186988101383e-06
9.97487571009441e-07
-2.20881005714737e-06
3.68639391649969e-07
3.16865585298877e-08
0.263327278053179
0.317362891425819
0.194696191397916
0.220838344508803
0.170725410306372
0.15208917868644
0.309933356412702
0.136338347012928
0.0437885983866156
0.122577633510818
0.254616683546198
0.524667426258838
0.0364771703491153
0.110700808598592
9.04210686866769e-05
0.0424311817195696
0.257328081979847
0.0225061053438929
0.059391032720558
0.437902283618928
0.144790866053265
0.100469805892754
0.169390257474926
0.455281092494938
0.69563789719409
1.30102428328439
1.69559937541573
0.0916072757983613
0.913374237350363
0.828957672044048
1.90583144265397
0.837927151421014
1.16115563237765
0.779197483877687
1.99969424104533
0.329978420355166
1.02484379029015
0.809977657926693
0.0837929628317038
0.582817800661615
1.20783040415777
1.99959182416762
1.13639671558775
1.99999898145266
0.0766031230742983
1.53950589878203
0.924158769332452
0.0885627581417013
0.027059538052765
0.0990357170810474
0.101765916385842
0.0963091092041315
0.0937165135569494
0.0809441751344366
0.0903338984721294
8.06585437062728e-10
0.0870039192758187
4.6303657539956e-12
9.35501019424194e-07
3.56860887770253e-10
0.083814147352448
0
0
0.126581935900217
3.66086649582432e-08
4.60833990888089e-07
0.0201983225416385
1.05321743802818e-05
0.0806724182400394
0.000390255140032778
4.71361259520958e-05
0.00342813481849312
0.00567180754704704
0.0021387754463941
0.0775777170248878
0.00117383104629771
0.000140175990022696
0.0016816375677803
0.00145398753988902
7.0050110698361e-12
0.000295221475445719
1.57157339583797e-08
0.000999060924314821
1.56336202258132e-08
0.000100505899357992
0.0746002247295003
9.19524456229431e-05
0.433238102716521
0.769762243066478
0.080224464627638
0.986146439987053
0.071840121652634
1.21326264572882
0.713248605001371
