0.129857251453298
0.0210690677644159
0.00312313502657358
0.000446549572303057
0.000144690814775321
1.98856136470749e-05
6.05351398086373e-06
2.3076404075395e-06
2.39373553234667e-06
9.68412979741511e-07
1.68238692532796e-07
3.46178093968419e-08
3.45568043069733e-08
3.24224774890438e-08
3.32693632520585e-08
2.73302250578545e-08
2.66085728017201e-08
2.78402066156044e-08
2.79019701618201e-08
2.54376182015579e-08
2.50511003469702e-08
2.53722899945009e-08
2.33856178615743e-08
2.36215750919235e-08
2.36075167834816e-08
2.36064128575167e-08
2.35400360385771e-08
2.35095897823398e-08
2.35288922142037e-08
2.35546575753804e-08
2.35533311704657e-08
2.35663914576449e-08
2.35762203948052e-08
2.35779954621285e-08
2.357803140845e-08
2.3580194665967e-08
2.36007513884391e-08
2.35875262672473e-08
2.35727364333135e-08
2.36398922758019e-08
2.36332975931145e-08
2.36139747675806e-08
2.36125212890856e-08
2.35935664777527e-08
2.36011973582823e-08
2.36016245563796e-08
2.34775788953465e-08
2.35500443284655e-08
2.35658576151418e-08
2.35675283489869e-08
