6.3240369416249
-9.9999999848695
6.89434444790881
-4.01244682119352
1.76781019391552
-5.85985765721098e-06
2.34167422148438e-07
-1.46640596620964e-09
2.12207957807962e-06
-0.414442111176203
6.8855735030968e-09
2.90342468164305e-07
-7.63689650515041e-07
-1.20761052136775e-06
3.6137854928702e-08
1.93480873093889e-09
-1.47952969482519e-08
-0.0921177646329731
0.00138194902933726
0.000558807303102343
2.15147337751367e-08
1.18364717817369e-07
0.0273933297203206
-7.85221622870724e-05
0.00538235886614679
0.000154258599923251
3.20250679583715e-05
-0.00127149915727826
5.06682651900774e-09
-1.12465668510107e-05
-0.000599948015405771
-0.000572832844803323
-0.000418410054507914
0.000366423590541099
4.59028692619838e-06
-0.00013353199103525
0.000144962756118827
-1.12796756056955e-05
6.45715711978807e-06
2.76754334225364e-08
-8.29864092409888e-06
2.41427876849847e-06
-6.65174328593269e-11
2.46599908075377e-07
-2.30211686881828e-06
1.75584883105926e-07
2.55263746424015e-07
1.95997212670396e-07
1.10196695171025e-11
-9.99912778639277
3.0695448209647
0.720253998248687
-0.864755758914409
-0.0633925188865182
1.42892901589243
-1.30136851509683
-0.994657675169555
-0.499608759265687
0.233889998046908
-0.431984673762171
-0.374303423736497
-0.333838899959362
-0.314000201324198
-0.301818387950048
0.283972013362894
-0.246528974082898
-0.204214549723856
-0.177071239303127
-0.169977132406112
-0.112990676283607
-0.0825716616631639
-0.0767138300055834
0.0738255689999503
0.00727386695111907
-0.00730905988947269
0.00152790412719439
0.000513324524058243
-0.000731320411944901
-0.000720863563247197
0.000221761731500276
0.000212267016572603
4.9594023130125e-06
2.16080003611301e-06
-0.000359513262502329
-0.000114185903854425
9.03456494053185e-05
-2.33496806918172e-05
1.71809842654876e-05
1.78219274400989e-05
1.52559808265082e-05
-5.80760589606956e-06
-5.0790821846819e-06
-4.22340981876806e-06
3.04214712992272e-06
1.22736724132799e-06
6.74391348397897e-07
-3.94370737901507e-07
3.30263702808255e-11
0.330258384209283
0.282082999622258
0.23474962325525
0.197269834426402
0.169341381629314
0.0914749345562119
0.0652681379759935
0.103047222881523
0.121336734932123
0.14743777936658
0.148289143746911
0.232234761250676
0.142033974832161
0.117234922832056
0.127661896171809
1.62768543139387
0.134231412813372
0.338404662254359
0.216444268410339
0.213138786284253
0.247808966730755
0.0984594406615026
0.129780839698677
0.184305296130607
0.115290695747589
0.167459347916346
0.945367389291661
0.228244503292558
0.864705850108221
1.54610714097331
0.103176125850112
0.231951330277974
0.734708481904295
0.733879912156741
0.254473772667646
1.99842580447897
1.94566579780444
0.0927430900687972
1.42298457202944
0.293596562326706
1.5043456935984
1.32225463949126
0.447471668836602
1.9998771902033
1.41945833087962
0.63329194356269
1.14237734572075
0.0832699413618705
0.697846540622546
0.0317825242168976
0.0827590488554597
0.0985606637569692
0.100308923213304
0.0983192024173691
4.35503304224009e-08
6.42605697923127e-09
3.69527520542743e-10
6.80313964420231e-12
0.0955356807860944
2.43834121130615e-10
4.59758295589864e-10
3.07413392388109e-08
5.62022554026934e-12
1.56649829761602e-10
1.68509468170403e-13
1.42499284188082e-09
0.09404519741846
0.00142512331455574
0.000106940811470171
9.45444734922088e-09
4.52764283518621e-12
0.092172395582443
0
0.0884563631942023
0.00115874569299178
0.00152794106253189
0.145637396860181
0.000161501239652612
7.5534495366423e-13
0.0846074439358434
0.0165938989187449
0.0928419029167605
0.107863437672699
0.000359512062809199
0.880199649991793
1.00458973794355
0.0807990473010558
0.0461503037525394
3.33976690330917e-09
0.84016017012257
0.177610150934694
2.73578542527607e-06
1.99989320271604
1.20615020705911
1.34165995151709e-08
0.286302465014059
0.0771064516398134
0.666454214072179
