6.32406297074861
-10
6.89436018218233
-4.01244637040419
1.76780673631363
2.27496540427524e-07
-1.43470441558198e-09
-0.414440588885906
-3.45345128834282e-08
-0.0921177503819689
0.00133768795044981
0.0273936837190275
0.00538147410242951
6.74240443125715e-05
-0.00127133692396715
2.81106393541397e-06
-0.000601552086703649
-0.000207335683796027
0.000185882251045323
-2.09054685195144e-07
8.67422749453575e-08
-1.13372913997247e-05
-2.32597397964305e-06
-1.85967368537853e-12
-2.34934374766378e-07
1.87503780132386e-07
2.52146453852029e-07
-1.58914337654828e-08
-1.54089794768933e-08
-1.22275397647444e-09
-9.99907223143446
3.06954482157912
0.72025271823189
-0.864756155318902
-0.0633941235969953
-1.30136851509683
1.07877999441987
0.233890819734402
-0.333838899959362
-0.204214531284114
-0.175778055050296
-0.0767110676814334
0.00727377597898349
-0.00728107102870561
0.000513494586419598
-0.000721195933349053
0.000222536362010339
-0.00016453824101564
0.000111538620740575
-0.000110906853506595
2.74785998097315e-05
-2.40810028979541e-05
8.6508418173946e-06
-5.85775431372954e-06
-6.45224834733982e-07
6.06906311590567e-07
-3.98772913088177e-07
3.6232119090626e-08
3.35630153439262e-08
3.3483247316251e-09
0.330258491742997
0.282083001845083
0.234749620899115
0.197269836471917
0.169341380461089
0.0652681379751664
0.272376661296523
0.147437734874118
0.142035059595472
0.338404595866082
0.216584805904807
0.129780955173573
0.115290412799246
0.166562073639139
0.228243071242132
1.54703872390163
0.103178245048182
0.734856066640726
0.73393691654298
0.864539303863543
0.22441250858557
0.0928021656384641
1.42307767952338
1.3906755422869
1.3221683169733
1.14234088580081
0.0834485375981045
1.99842827596535
1.50463841277467
1.9998416013371
0.0317825244563009
0.0827590452703987
0.0985606311608771
0.100308924954894
0.0983192164140377
6.42605697923127e-09
8.30375327351275e-11
0.0955356707188744
4.04111253460007e-11
0.0940451191020879
0.00142706842093367
0.0921725803516723
0.0884565734537826
0.00146389590368217
0.145637369227787
2.63128649232743e-05
0.0845989633917267
0.0926822540503197
0.107822312794514
0.000947571599775284
0.000203664910282167
0.0807753979952263
0.0462387908987584
4.94458224310445e-07
0.177247084982535
0.286203832418868
0.077186725185248
0.880199930691487
0.840262944091676
1.99999999999981
