6.18327797459272
-9.99996673395259
6.3811655799311
-2.72964578615729
0.795618367718845
-0.143938627616554
0.00254658497947265
0.0100427463199945
0.000423379134473151
-2.29514189165283e-05
-10
3.05291417916989
0.725314047593655
-1.09040492266229
0.309211465261195
0.00379914802844441
-0.0149384919132375
-0.011077571350346
0.00083080603181252
1.4310415140055e-05
0.330896629280246
0.282796614538784
0.235397170486896
0.19956346121673
0.170398711379813
0.146058372675188
0.363278782289468
0.126421981524746
0.110587494243732
0.0971949408738556
0.0343858181570787
0.0827507647677889
0.0989748348552942
0.103937279428372
0.104784223668634
0.102447326092606
0.123414327248389
0.0981371911831638
0.0931751958597792
0.0883900351630471
