6.17147627497075
-9.99998436744152
6.3811662729289
-2.71568089805689
0.794882011030784
-0.150968373060087
0.0202417025732199
0.00168348732516093
-0.00380166331082384
0.000481834995077389
4.27503185611438e-06
-10
3.05290943458904
0.725312408943188
-1.19153416150729
0.48393363552499
-0.10008073321866
0.0173450319570849
-0.0109628197034802
-0.0024394140649405
-0.000152824311604217
2.02656150208091e-05
0.330906288375075
0.282796987925533
0.235397028015529
0.199773701863498
0.172108976670028
0.150104562122431
0.133108260657272
0.365258506862012
0.119569357159536
0.107272588665434
0.0955879752933591
0.034532979326422
0.0827505740344949
0.0989746732723291
0.103637842498646
0.104156971119988
0.102845433742792
0.100160339439667
0.128998791008819
0.0957662234773637
0.0908528196634104
0.0864632182955595
