6.32406296799597
-10
6.89436022183495
-4.01244694160288
1.76780746165186
-2.09308407990581e-07
2.28432251537223e-07
-3.0087453287139e-08
-0.414441088842304
-2.63974920780648e-08
-0.092117750945447
0.00133768884916489
0.0273929139791023
1.42583012662833e-09
0.00538181322926038
6.74569878270218e-05
-0.00127139884988654
-6.5848425651624e-08
-1.13403992233835e-05
-0.000601553711097766
-0.00020722091057138
0.000185883038351311
-1.13373888851327e-05
6.61913652372441e-06
-1.57976477335726e-07
2.32982031743759e-06
1.08429485537422e-06
2.34124982972717e-06
-3.69406195661868e-11
1.84904771184804e-07
2.11330384813316e-07
2.52256289661732e-07
-4.19620697154797e-08
-9.99907221576784
3.06954482157837
0.720252981693328
-0.864756330211592
-0.0633944550066708
1.42892901589233
-1.30136851509683
-0.499608759265687
0.233890529452016
-0.333838899959362
-0.204214531015542
-0.175778055010038
-0.0767108700115835
0.0738255693470188
0.00727388907997494
-0.00733447224026079
0.000513377969765175
-0.0007326952985372
-0.000721190974204288
0.00022253577551427
-0.000164514649387446
0.000111536208650858
-2.40774526006174e-05
1.74395404490832e-05
1.40453274088566e-05
-5.79938459901922e-06
3.72057886609127e-06
-2.38085123083314e-07
1.35461930417247e-06
6.16648098049994e-07
6.08062585861313e-07
-3.98873731902296e-07
-1.52848342948849e-07
0.330258491677912
0.282083001851339
0.234749619038015
0.197269837411752
0.169341372993844
0.127898332345549
0.0652681379752877
0.112946102782226
0.147437763388995
0.142035059595467
0.338404597672546
0.21658480598229
0.129780860726395
0.184305728110172
0.115290488604045
0.166565670645883
0.228244036868673
0.864550432821982
1.54703872448221
0.103178253644401
0.734832071061663
0.733936916553046
0.0928017606941114
1.42307769458997
0.945374425829717
1.32216832882282
0.223930277861306
1.99842827596064
0.439762016449496
1.14234057768607
1.50463841221968
0.0834495685184296
1.99999999990822
0.0317825246262785
0.0827590452397952
0.0985606312888764
0.10030892348678
0.0983192133233515
1.47903194068036e-09
6.42605697923127e-09
7.21939985583743e-11
0.0955356746719302
1.14079820723632e-09
0.0940451199326461
0.0014270634613848
0.0921725816933231
2.60563431963147e-09
0.0884564474235279
0.00145304622833145
0.145637416367622
0.000170150559724635
2.61766924005535e-05
0.0845989641142037
0.0927211331928792
0.10782231277286
0.0807754384629916
0.0462387909749864
5.45086323990996e-06
0.177247089267277
0.0178803026003047
0.880199931171958
1.87566680716181e-15
0.286202432756747
0.840262945136342
0.0771863088076685
1.99892719769261
