6.32406602878675
-10
6.8943601822232
-4.01244632263173
1.76780672236579
2.27016874883035e-07
-1.36141458201842e-09
7.13367475696031e-09
-0.414440588871155
-0.0921177503421628
0.00133466611976843
0.0273936784762826
0.00538148991909157
6.74240914102051e-05
-0.00127130519151004
2.81068387986918e-06
-0.000601557972030373
-0.000228954181462785
0.000207492847917596
-2.37731610726763e-06
-1.13374824497116e-05
-4.78140004226176e-07
1.87210045193921e-07
2.52124423781455e-07
3.75463206741465e-09
-3.07881834967605e-09
-2.85069894235985e-11
3.68251924048531e-13
-9.99907698003543
3.06954482152669
0.72025271823253
-0.864756092329246
-0.0633941795211738
-1.30136851509683
1.07877999441987
0.660680491011863
0.233890819734749
-0.204214531286678
-0.139754811021866
-0.0767110756116409
0.00727376854717208
-0.00728107102850513
0.000513532081713837
-0.000721208960647884
0.000222541324273108
-5.54494116750047e-05
1.54916218236371e-05
-0.000200303520779331
-2.40791316155208e-05
-5.01800982670384e-06
5.88513071124327e-07
-3.98753731894807e-07
-4.9421935963201e-08
1.89570860926613e-09
2.52989690666377e-11
-1.59117037546309e-12
0.330258486641533
0.282083001878373
0.234749620944416
0.197269836545084
0.169341380460196
0.0652681379750949
0.272376661296523
0.172885292489869
0.14743773488113
0.338404595862452
0.216566793338014
0.129780954930262
0.115290400825016
0.166562073639166
0.228242615532578
1.54703871780647
0.103178296133699
0.724273257718756
0.720746148353771
1.6030856065429
0.0928019502507543
0.715997960933611
1.1401472471345
0.083448537580948
1.29665210363732
1.55865809354923
1.99999844529344
1.33387750109014
0.0317825012882735
0.082759045300347
0.0985606311435807
0.100308925549197
0.0983192160127424
6.42605697923127e-09
5.7659845005606e-11
0
0.0955356707006129
0.0940451191278863
0.00179356484029982
0.0921725792475798
0.0884565725924606
0.00146389590268534
0.145637336820209
2.66670599355456e-05
0.0845989407845143
0.0933167018230762
0.105748255149176
0.000154296710629624
0.0807753835198484
3.33791690539696e-06
0.294975336299458
0.0771867251308571
0.188211268260701
1.02521705476757
0.924424056712849
0.263661443006822
