6.32403659643887
-10
6.89436177743346
-4.01244694142506
1.76780943722415
-3.83017972730143e-05
2.3254223845008e-07
6.42962932789406e-08
-0.414441094544099
8.72491372753528e-09
-2.05596772843019e-08
5.41669429951207e-08
-0.0921177739659348
0.00138227565836838
0.000576940081421658
9.7735686848267e-09
-5.7066357332363e-11
0.0273926930339174
-7.85187629814203e-05
9.17587633280462e-10
0.00538211491109164
0.000154260778850348
-0.00127143346875618
-4.86945584791396e-08
-1.12465678683718e-05
-0.000601241186869209
-0.000572821823552671
4.59072653761215e-06
-0.000207241746228349
0.000185882761651809
-2.32356826206443e-07
-1.13739330694153e-05
6.46115742283566e-06
-2.67661927837608e-11
2.42271275235051e-06
2.34126970944903e-06
-4.74060373554137e-08
2.47042587929721e-07
2.12406105470447e-07
2.52287313615918e-07
-4.167274290132e-08
-1.22009643448691e-10
4.9171509733547e-11
2.13096184541627e-11
-9.99913486924907
3.06954482171548
0.720256071186064
-0.864756330372643
-0.0633933843407963
1.42892901589235
-1.30136851509683
-0.499608759265687
0.233890518792763
-0.431984673762171
-0.333838899959362
-0.301818387950048
-0.204214562092214
-0.177071239174937
-0.169977099424938
-0.112990676283607
-0.082571661663164
-0.0767116366532173
0.0738255689999503
-0.0674173198722935
0.00727371462851567
-0.00730905989934499
0.000513335831832302
-0.000732965472509692
-0.000720862810264
0.00022268369092374
0.000212572114258012
-0.000360537123600296
-0.000164505464454899
0.000111533184746392
0.000138004247365704
-2.40527770566279e-05
1.71825839205091e-05
1.78219275416292e-05
-5.78369578180298e-06
-2.38045567909815e-07
1.22736721298468e-06
6.64558533422832e-07
6.08804785704044e-07
-3.98701999616599e-07
-1.52668728899538e-07
8.56136795820921e-11
-2.21995516574098e-11
1.38932754135412e-11
0.330258384667778
0.28208300187673
0.234749623090944
0.197269837124432
0.169341380603724
0.126072050420894
0.0652681379757789
0.121381311913099
0.14743776430684
0.148289143746911
0.14203505959204
0.127661896171827
0.338404588109604
0.216438515420278
0.224313703033594
0.247808966730754
0.0984633650222407
0.129780824920175
0.184305296165999
0.60945784262462
0.115290519436956
0.167459347954271
0.228244516113655
0.864565117128117
1.54703066858418
0.103176569255068
0.231944294520327
0.254514465031175
0.734814630543888
0.733936916495435
0.945374757085866
0.0927996921721016
1.42298457202929
0.293596562326956
1.32225490557266
1.99842827596077
0.633291943562696
1.14237745610646
1.50463839606732
0.0834504405760183
1.99987720174694
1.41945767168416
1.42964758583877
0.697846585387616
0.0317825133214125
0.0827590453715544
0.0985606261087133
0.100308923379713
0.0983192078557
2.33127359463811e-07
6.42605697923127e-09
4.52084089077238e-09
0.0955356756463357
2.91599553283262e-10
4.81620232722138e-11
3.0639478765649e-09
0.0940451129496602
0.00142506338585694
5.39671866592663e-05
2.22253790365638e-09
4.41116998638789e-11
0.0921725401682886
6.51969654789102e-10
2.53781237295381e-10
0.0884564686692031
0.00115874575619044
0.145637387342135
0.000161263318742393
1.4418441272367e-05
0.0845990651673659
0.0165943429054427
0.000358051654052503
0.0927156428139618
0.107822312225085
0.000137400442575186
0.0807728440897089
0.0461503037531968
3.84022930891885e-09
0.177610119760058
0.880199931172062
1.3414068120776e-08
0.286302542855911
0.84026295919184
0.0771879058965214
1.99989319545888
1.20615120887354
1.06881068576757
0.666454233771684
