6.32406296666766
-10
6.89436177770361
-4.01244694164924
1.76780941847107
-2.94771903719434e-05
2.29221088348657e-07
-3.87654072734329e-08
-0.414441092856832
-4.64812584049185e-10
-1.98173212740694e-08
-0.0921177392689355
5.71672428859894e-11
0.00134103975352505
-6.23953570677074e-07
0.0273929122792042
-7.85155386671848e-05
0.00538171597016583
0.000168805572781018
-5.92166611001216e-11
-0.00127139739103317
-7.02193358489212e-08
-1.12954062689866e-05
-0.000601247060691274
-0.000207220972391538
0.000185883384634812
-1.63043489365536e-08
-1.13765710189553e-05
6.61753368855288e-06
-1.58285648578087e-07
2.30672272941718e-06
1.1027201073516e-06
2.3412476955271e-06
2.12405633926911e-07
1.87686155915177e-07
2.52208967944557e-07
-4.16525915953908e-08
1.44212364136361e-11
-9.99907221585749
3.06954482168067
0.720256071181652
-0.864756330016048
-0.0633933676990845
1.42892901589234
-1.30136851509683
-0.499608759265687
0.233890524703755
-0.387484030986514
-0.333838899959362
-0.204214501867287
0.194591718023943
-0.175759486443103
-0.169977090881761
-0.0767108697117375
0.0738255689999504
0.0072734285532425
-0.00733600099214195
-0.00451196743407618
0.000513377707012977
-0.000730318458947465
-0.000721195705649288
0.000222679345752164
-0.000164514583994781
0.000111536357584164
4.16513013201582e-05
-2.40617872025856e-05
1.74398068690529e-05
1.4045327394663e-05
-5.69418354210581e-06
3.78813729567058e-06
-2.38081792903018e-07
6.08798253080288e-07
6.13872644213699e-07
-3.98884892182519e-07
-1.52609713374321e-07
9.61067342201857e-12
0.330258491509575
0.282083001814372
0.234749623071709
0.197269837345122
0.169341380884468
0.127812925624104
0.0652681379753729
0.11294610278228
0.147437763570279
0.254616683537527
0.142035059595461
0.338404597125433
0.203743508020222
0.216462601293376
0.22434374542677
0.129780860966964
0.184305296165543
0.115290392039004
0.167230973084455
0.25607069665653
0.228244038212126
0.864554156683962
1.54703866636016
0.103176615024378
0.734832071057773
0.733936916552748
0.633294451987573
0.0928006172782353
1.42307769459005
0.945374425829716
1.3222549061364
0.223928920888344
1.99842827596082
1.50463839606732
1.14234057768621
0.0834495684839988
1.99944813559931
0.697846588487994
0.0317825246161832
0.0827590453002455
0.0985606262676793
0.100308923329778
0.0983192076150988
1.77945854951311e-07
6.42605697923127e-09
3.0659479258596e-11
0.0955356750274099
3.96945145582578e-10
1.01049471130559e-10
0.0940451260612422
5.1796068354066e-10
0.00143673242076013
0
0.0921725818096
4.81881302923189e-10
0.0884566303044406
0.00131597469539911
1.24122557602519e-12
0.145637419045572
0.000159661372039218
2.63082157269397e-05
0.0845990791796339
0.0927211331903438
0.10782231276968
4.16310199634027e-05
0.0807723674484688
0.0462387909751405
5.45086320333704e-06
0.177610119043206
0.0178798829360044
0.880199931171987
0.84026295919184
0.286202432756766
0.0771863087303514
1.99999574578701
0.666454239132814
