6.32406297005606
-10
6.89436000013422
-4.01244636942868
1.76780746167733
-2.09308407990581e-07
2.2805541022214e-07
-1.44949635595807e-09
-3.66977259590851e-12
-0.414441088220978
-3.46097041453348e-08
-0.0921177505908558
0.00133768804646891
0.0273931378238238
0.00538164764393402
6.74570014174927e-05
-0.00127139924624131
2.81106705455548e-06
-0.000601553427214246
-0.000207327002608176
0.000185882236084127
-6.54743540867556e-08
-1.13372639148887e-05
-1.56320087168581e-07
-2.37271059162911e-06
6.55625365056296e-07
-1.82160059593944e-07
1.84388810087834e-07
2.52128334101275e-07
-1.5902127687592e-08
-1.54110786561484e-08
-1.20146721037618e-09
-9.99907223153675
3.06954482157838
0.720252673047613
-0.864756154710202
-0.0633944550065652
1.42892901589233
-1.30136851509683
1.07877999441987
-0.499608759265691
0.233890532262911
-0.333838899959362
-0.204214530956564
-0.175778055050883
-0.0767107328047207
0.00727385631918586
-0.0073344722402474
0.000513375487280852
-0.000721195933348993
0.000222536471594328
-0.000164459024660317
0.000111538612200197
-0.000131220525028196
-2.40810059984666e-05
1.40453272896959e-05
8.54469388873709e-06
2.88567857479575e-06
-6.53434465289668e-07
6.17506833872785e-07
-3.98948945421204e-07
3.62409199039225e-08
3.35703739537806e-08
3.34389512689872e-09
0.330258491741507
0.282083001850152
0.23474961905394
0.197269836483517
0.169341372987977
0.127898332345549
0.0652681379752491
0.272376661296523
0.112945987062901
0.147437763167283
0.142035059595471
0.338404595831259
0.216584805874135
0.129780881222633
0.115290467909376
0.166565670645887
0.228244036654768
1.54703872390163
0.103178253235274
0.734840562342621
0.733936916542997
0.864539300884364
0.0928021656385109
0.945374425829713
1.42307769479987
0.223930538608598
1.32216832814016
1.14234057768606
0.0834485788797521
1.99842827596536
1.50463841277467
1.99999999999822
0.0317825244838787
0.0827590452465692
0.098560631950484
0.100308924954701
0.0983192133236342
1.47903194068036e-09
6.42605697923127e-09
7.79879710901578e-11
3.37869225268102e-12
0.0955356744848185
1.62646921407634e-10
0.0940451193355092
0.0014270684925548
0.0921725839780743
0.0884565226482843
0.00145304622826395
0.145637416047892
2.6312864921636e-05
0.0845989577104077
0.0926719399951761
0.107822312794509
0.000950159699650757
0.0807753979951694
5.45086293286648e-06
0.0462387888998017
0.0178803257110403
0.177247086733511
0.286202432756745
0.077185320816159
0.880199930691491
0.840262944091676
1.99892719762876
