6.32406294423828
-10
6.89436177745087
-4.01244694169526
1.76780941844127
-4.01161174327467e-05
2.30588462455865e-07
-2.40297693916673e-08
-0.414441088056382
-1.98935870395216e-08
-0.0921177388055147
3.89567176589793e-11
0.00134103970631354
-6.28442997833149e-07
-1.28623302857085e-11
0.027392657636498
-7.85155614047702e-05
0.00538211556298986
0.000154261047927511
-0.00127143825904357
-6.74574614035792e-08
-1.12463338732307e-05
-0.000601247117560279
4.59073652771509e-06
-0.000207221010269102
0.000185884107941346
-2.31411757172212e-07
2.16108386479787e-05
-1.13739303167559e-05
1.27063441611208e-11
6.6180998455937e-06
2.30671976184377e-06
2.34124882313809e-06
-4.81200151453132e-08
2.23170869123562e-07
2.12405295570485e-07
2.52149396056235e-07
-4.16511495281456e-08
-7.7423818353098e-11
1.87582767872395e-11
-9.999073911439
3.06954482168085
0.72025607114799
-0.864756330017973
-0.0633933676997266
1.42892901589234
-1.30136851509683
-0.499608759265687
0.233890514989772
-0.333838899959362
-0.204214500880971
0.194591718023943
-0.175759486438029
-0.169977090881761
-0.112990676283607
-0.0767116229350342
0.0738255689999504
0.00727371445696217
-0.00730905989279755
0.000513331969817524
-0.000730099551675459
-0.000720854380622245
0.000222679384078657
-0.000360537123769558
-0.000164514565272889
0.000111536503008404
0.000137977621560738
5.63067815032962e-05
-2.40527512316133e-05
-2.29130384216746e-05
1.74424545974293e-05
-5.69420415062132e-06
-2.38081087156881e-07
1.22732346844467e-06
6.55782586802076e-07
6.0880474898347e-07
-3.9889530658932e-07
-1.52609258734342e-07
1.49401906471153e-10
1.21482224039624e-11
0.330258488666411
0.282083001808792
0.234749623063824
0.197269837333794
0.169341380900327
0.126791292909286
0.0652681379755338
0.112946105628004
0.147437763615858
0.142035059595461
0.338404598826021
0.203743508020222
0.21646260131541
0.224343745430879
0.24780896673075
0.129780821294121
0.184305296165546
0.115290519329036
0.167459347952316
0.228244611941934
0.864554158759141
1.54703580494774
0.103176615024732
0.254514465031177
0.734832071057234
0.733936916555776
0.945374757059756
0.223902369122747
0.0927996909797848
0.776660418038333
1.42307768047712
1.32225490613639
1.99842827596082
0.63329194302661
1.14237745543173
1.50463839606732
0.0834495684444998
1.99944813559931
1.42964758583879
0.697846588487994
0.0317825216291506
0.0827590453110765
0.0985606262500287
0.100308923343938
0.0983192076149558
2.4333482711077e-07
6.42605697923127e-09
7.95097143262492e-10
0.0955356752258993
1.72977349189733e-10
0.0940451266111581
5.03742030187787e-10
0.00143673180012338
2.21239932107439e-11
0
0.0921725419129352
4.77221509759874e-10
0.0884564691430276
0.00115874571489197
0.145637381136454
0.000158659355285607
1.40699318628705e-05
0.0845990791817717
0.000358051654222933
0.0927211331802146
0.107822312775408
0.000137373699684101
0.0178844794216414
0.0807728434350168
2.72226482621446e-08
0.0462387874878395
0.177610119043203
0.880199931171987
0
0.286302542098054
0.84026295919184
0.0771863088525543
1.99999574578698
1.06881068576756
0.666454239132814
