6.34526046538897
-9.98930154462709
6.87845651704715
-4.07361401529814
1.7823990313929
2.2414327992787e-07
-0.413224867356866
-0.0620565880835688
0.0259675321497688
0.0053926371384064
0.000750117151287773
-0.000527324249852058
5.8205219145003e-07
-1.42210278334801e-05
1.1945795965834e-05
-3.53125946988396e-11
5.22263980855698e-09
-9.99999764593219
3.07092060098466
0.712472073523862
-0.890980217829743
-0.0303692622529195
-1.30136851509683
0.226136585254961
-0.217368686696171
-0.0744975829002703
0.00663376771666737
-0.00151457974760137
0.000260619806837412
0.000106982169097643
-1.82811781933047e-05
-6.57549349778437e-07
-1.19625402532499e-05
-4.04094063260951e-07
0.330182909155168
0.282427479777531
0.23437315524895
0.197424012368223
0.1695100870663
0.0652681379746904
0.147463774891133
0.340046986149716
0.129667687969575
0.115064391375554
0.242274595873273
0.102864946007167
0.776447997168343
0.0923467003499719
0.120551273236685
0.754820303841877
0.0828342887011486
0.0316495698531504
0.0827302832004285
0.0986206157566796
0.100088776952343
0.0983533846528071
6.42605697923127e-09
0.0956463886952893
0.0916063541130572
0.092273377108121
0.0884922474412398
0.148284659218799
0.0845535477426705
0.000358087451279257
0.0806066729791496
1.33865443687559e-17
7.07024665424782e-06
0.0765917368963726
