6.32403657058345
-9.99999999949598
6.89434443332439
-4.01244694186873
1.76780983826838
-6.23756379440516e-06
2.33938049249797e-07
2.12208398510012e-06
-0.414441733420746
8.697572679389e-09
-4.72626663578871e-10
4.4511659184066e-08
-1.20682413544728e-06
5.34853375211501e-08
-1.75281831982265e-11
-0.0921177741742436
0.00138227543774833
0.000558809175409753
9.75826848251034e-09
1.18372172665516e-07
0.0273936847033086
-7.85218073484331e-05
0.00538215583719794
0.00015426039221749
3.20249982922443e-05
-0.00127143354926882
-4.86821622915684e-08
-1.12465695016185e-05
-0.00060000254144594
-0.000572841227571407
-0.0004183675360958
0.000366536965242316
4.59041683216481e-06
-0.000133495221942431
0.000144927828305736
-1.12784158867773e-05
6.46104318582443e-06
3.52390408230113e-10
-8.29987236903429e-06
2.41427832852824e-06
2.47086559296806e-07
-2.30013885433362e-06
-4.6640484402806e-08
2.55542704580916e-07
1.95983833008507e-07
2.26349878821291e-11
1.58764276372492e-11
-9.99913510393366
3.06954482130133
0.720254000928056
-0.864756331245976
-0.0633930265909484
1.42892901589235
-1.30136851509683
-0.499608759265687
0.233890268793427
-0.431984673762171
-0.3743034237365
-0.333838899959362
-0.314000201324198
-0.301818387950048
-0.246528974082898
-0.204214562096363
-0.177071239174267
-0.169977132406854
-0.112990676283607
-0.0825716616631639
-0.0767135723789547
0.0738255689999503
0.00727365547373633
-0.00730905994833308
0.00152790414436571
0.000513335825274846
-0.000731286345150145
-0.000720863563247197
0.000221766999601492
0.000212265746007123
4.94994453581295e-06
2.12938672828884e-06
-0.000360537123640367
-0.000114121182276855
9.02971453920581e-05
-2.33481400849206e-05
1.71824540395401e-05
1.78219275422731e-05
1.52545964112399e-05
-5.8076053364086e-06
-4.22385484886757e-06
3.04145593671029e-06
1.22736721282862e-06
6.70811148183553e-07
-3.94337685666409e-07
-3.44584879252634e-12
1.33888276588374e-11
0.330258383928966
0.282083002094853
0.234749621301682
0.197269837012517
0.169341380150886
0.0922709454372929
0.0652681379759626
0.121336734932123
0.147437775600286
0.148289143746911
0.234672082989949
0.14203505907007
0.11723492283204
0.127661896171812
0.134231412813372
0.338404587569748
0.21643851548899
0.213138786286491
0.247808966730754
0.0984594406615026
0.129780888015806
0.184305296161399
0.115290482183664
0.167459347924039
0.945367389292295
0.228244516111202
0.864705850232293
1.54610714097331
0.103176502698928
0.231951401314797
0.734708482263426
0.733879079158948
0.254514465031176
1.99842566250102
1.94566566260268
0.0927430794669128
1.42298457202928
0.293596562326956
1.50434569362918
1.32225463949126
1.99987719020312
1.41945835555387
0.633291943562696
1.14237734572082
0.0832699413521661
1.45359347888021
0.697846540622528
0.0317825135812017
0.0827590453264043
0.0985606619032845
0.100308923147088
0.098319205554674
4.5865116041003e-08
6.42605697923127e-09
6.96931718539013e-12
0.0955356769210618
2.16813347811675e-10
1.45589800809912e-11
2.57430922673489e-09
2.779203715781e-09
2.83978851435411e-09
9.65894317418813e-12
0.0940451128857937
0.0014250633023336
0.000106941990258909
2.22286804203994e-09
1.61851679462659e-12
0.0921723886091142
0
0.0884564528786671
0.00115874606467483
0.0015279410797157
0.145637387343738
0.000161346867623894
7.52151776022702e-13
0.0846074960605925
0.0165939233494008
0.0928419018977825
0.107863861647308
0.000358051654092846
0.880199739689251
1.00458948559571
0.0807990299765293
0.0461503037531363
3.84317360540703e-09
0.840160170107631
0.177610150934694
1.99989320271604
1.20615018157728
1.34140539089982e-08
0.286302465014083
0.0771064516174404
0.0102427942217162
0.666454214072183
