6.19499861823465
-7.2257528847029
-0.450201754000124
1.60624394316869
0.497290479213878
-0.129234606296744
0.00773013670544562
-0.00178755239964062
0.000214842344737073
-9.99991280697486
3.83296091376947
-2.33646188211847
1.31763237231289
0.668080267314502
-0.0325572707526946
-0.00739576357057268
-0.000785713127996378
0.000268699619157872
0.330858790509153
0.285540753946706
0.207718240489543
0.244456931582031
0.173411942333634
0.146756056072664
0.125582300481897
0.363466494959997
0.10783988335555
0.0340667300538564
0.0886331666321695
0.109651135432375
0.11218207831948
0.107250908948199
0.103905570017611
0.099504350448475
0.159189095865305
0.0947573241691574
