6.32406601558862
-9.99977248039465
6.89442196532654
-4.0124444964872
1.76779373202238
2.25698832100411e-07
-2.83147327591119e-11
-0.414441737839461
-0.0921182912943073
0.00133309268170841
0.0273873039125361
0.00536710294233721
-0.000192759600449329
-0.00127123162702241
2.89876929201143e-06
-0.00059577788279899
-0.000228903160846947
0.000207218080484473
-2.43061459707406e-06
-1.13237684556917e-05
1.85662877042623e-07
1.9104182552877e-07
-3.18823230905735e-09
-9.99901814858175
3.06933102213895
0.720586469107023
-0.864756197800484
-0.0632552839383615
-1.30136851509683
-0.478632599113511
0.2338104332708
-0.204214111658219
-0.139509539112958
-0.0766854823863165
0.00727293002889153
-0.00740117962495028
0.000513487622485855
-0.000721078096256614
0.000217531124752277
-5.5361686487593e-05
1.68811649731677e-05
-0.00020375192191393
-2.28145202821103e-05
5.94484243367359e-07
-4.12021875175952e-07
1.88810481881882e-09
0.330258581344914
0.282083482267592
0.234750192445155
0.197269837265354
0.169342030079086
0.0652681379749012
0.307840961081735
0.147438348285165
0.338404532887945
0.216606345846109
0.129780060285385
0.115294296588687
0.14978045091048
0.228242501749195
1.5470385477098
0.103165838085627
0.724277610589868
0.721193346492816
1.60104362083756
0.0926963255913504
1.13966702557522
0.0833076954806404
1.55874561436536
0.0317826066413597
0.0827591268361065
0.0985605927376824
0.100308929914295
0.0983192217608179
6.42605697923127e-09
1.64055630557701e-12
0.0955368431392846
0.0940451731149095
0.00179745289020579
0.0921732604565461
0.0884617537295504
1.28402430916563e-10
0.145638092555248
2.2197633999978e-05
0.0846327327582648
0.0933485600843727
0.10568755726992
0.000135193919312672
0.0807968624977069
0.294935708665586
0.0770533348014822
1.02656376944534
