6.34532758943476
-9.98882640779663
6.87767736713015
-4.07561202756659
1.78206686300415
-0.412654844365127
-6.83017889896673e-08
-0.060441835681813
0.0276724801330242
0.00436084029911625
0.000345476501512274
-0.000405908289994213
7.44215127892101e-08
-9.06942586930042e-06
-3.62828133087756e-08
-9.99999998929448
3.07134719280278
0.717234790722637
-0.892683299468592
-0.0339511043928939
0.220263703870555
-0.271636877084123
-0.219472470162261
-0.0703508713908772
0.00609848677616415
-0.00114055766077554
0.000180244129358166
3.5801646256936e-05
-1.05392031993565e-05
-1.2609550545627e-07
0.330181329787216
0.282410360949281
0.234414243772651
0.197414744940739
0.169500682933445
0.147532934935632
0.0309037952216863
0.340440765374954
0.129725715558266
0.114930787672359
0.240702403193077
0.102418047219352
0.88992904015661
0.0915431015931225
0.0812964352285402
0.0315637583670913
0.0827753069586745
0.0985890498960531
0.100103353915481
0.098333416991761
0.0956995720696445
0
0.0915321289962299
0.092528010200708
0.088939401076021
0.150154029811659
0.0850621286726764
0.000116258776195131
0.0810653448945868
0.0771358439616385
