6.32406297005766
-10
6.89436018271945
-4.01244636932646
1.7678067363012
-3.37406066796668e-08
2.27845245544109e-07
-1.4464145108571e-09
-0.41444058888967
-3.45660618348728e-08
-0.0921177503910125
0.00133768804887495
0.027393683712337
0.00538147493840667
6.74570215112479e-05
-0.00127133697074362
2.81106706895912e-06
-0.000601553422089675
-0.000207335504095065
0.00018588223674406
-2.09275149401439e-07
8.66892952428959e-08
-1.13372605363943e-05
-2.37271393157199e-06
1.03940549279259e-09
-1.91519286655184e-07
1.89925612311479e-07
2.52108809439388e-07
-1.59023424547087e-08
-1.54096889643854e-08
-1.2215431404219e-09
-9.99907223153675
3.0695448215784
0.720252721455765
-0.864756155236027
-0.063394123597057
1.42892901589233
-1.30136851509683
1.07877999441987
0.233890819734515
-0.333838899959362
-0.204214531284114
-0.175778055050881
-0.0767110676796739
0.00727377610425851
-0.00733447224015435
0.000513494696820228
-0.000721195933348978
0.000222536474682857
-0.000164537850982495
0.0001115386133017
-0.000110906847686538
2.74785997955988e-05
-2.40810088554988e-05
8.54465572731554e-06
-5.98454612189567e-06
-6.59804530328586e-07
6.13519479648397e-07
-3.9894627147795e-07
3.62410628967734e-08
3.35668492666401e-08
3.34820387909464e-09
0.330258491740886
0.282083001850697
0.234749620892096
0.197269836483332
0.169341380458403
0.127898515221711
0.0652681379752217
0.272376661296523
0.147437734869048
0.142035059595472
0.338404595866183
0.21658480587414
0.129780955179869
0.115290412319868
0.1665656706459
0.22824307013554
1.54703872390163
0.103178253235049
0.734856066641772
0.733936916542995
0.864539303863561
0.22441250858557
0.0928021656384827
1.42307769479993
0.875832998192524
1.3221683281384
1.14234088543552
0.0834485788789422
1.99842827596536
1.50463841277467
1.9998416013371
0.0317825244831865
0.0827590452481244
0.098560631165126
0.100308924965458
0.0983192164051835
0
6.42605697923127e-09
8.07948374548806e-11
0.0955356707259704
1.22026819061958e-10
0.0940451191017889
0.00142706849235417
0.0921725803464041
0.088456573147695
0.00145304622779441
0.14563736837001
2.63128649212385e-05
0.0845989577104634
0.0926822540487014
0.107822312794509
0.000947571599094135
0.00020366491028026
0.0807753979951644
0.0462387888997766
2.85587418473327e-07
0.177247086735133
0.286203832458954
0.0771853208258385
0.880199930691491
0.840262944091676
1.99999999999981
