6.3406768428183
-9.99999986220797
6.83062163350194
-4.0752385094843
1.78150903614605
-0.41271937370887
0.00185561836567747
0.0283091374928078
0.00411319823059215
0.000776199852044809
-0.000399196226665904
-4.21781760104287e-06
2.71265145828667e-09
-10
3.05298972353964
0.741609390416614
-0.89207254817999
-0.0349805668515878
0.221088737602354
-0.148362765251856
-0.0707948363112388
0.00634146992023639
-0.000554467614773971
0.000116320455205483
-8.31571925515818e-06
5.66438272760786e-09
0.330422186903478
0.282791916371063
0.234375359604772
0.197415615088384
0.169494823690291
0.147522529161383
0.346916351618812
0.129776406985423
0.115081619529707
0.243930310378875
0.102530601155514
0.0911836440256753
0.35827464305688
0.0319777695410001
0.0827530035859259
0.0986871032430725
0.100101573225312
0.0983377000813867
0.0956847598774555
0.0934858690830373
0.0924974440454291
0.0890210215189362
0.153097206970989
0.0854452528346383
0.0819437271889055
0.320756775976731
