6.32406294420278
-10
6.89436177747749
-4.01244694138984
1.76780941375928
-4.01527371563103e-05
2.31288714313011e-07
6.43325470131383e-08
-0.414441089234563
8.47622570334892e-09
-2.05218155263378e-08
-0.0921177756684875
2.47892944209274e-10
0.00138235742103605
-6.28499266766862e-07
8.29191329549415e-09
0.0273926580766073
-7.8518703097068e-05
3.19603710885863e-10
0.00538211494009647
0.000154261054616129
-0.00127143238045736
-6.79757218720395e-08
-1.12463304476572e-05
-0.000601247108848252
4.59077755579476e-06
-0.000207221017661632
0.000185883633643948
-2.3297291519318e-07
-1.97342861383161e-05
-1.13738992971691e-05
6.61811532017115e-06
2.30716086845314e-06
2.34125065263903e-06
-4.8137008515396e-08
2.23340694470033e-07
2.12408189959524e-07
2.52243441561531e-07
-4.16586731845564e-08
-1.15243308326859e-10
5.38634570571285e-11
2.14270135091354e-11
-9.99907391143906
3.06954482171545
0.720256071186063
-0.864756330373655
-0.0633933668045725
1.42892901589235
-1.30136851509683
-0.499608759265687
0.233890519990475
-0.431984673762171
-0.333838899959362
-0.204214561983076
-0.187631853941657
-0.177350077428568
-0.169977090881761
-0.112990676283607
-0.0767116238709567
0.0738255689999503
-0.0674173198722935
0.00727371462081754
-0.00730905989587118
0.000513335820223271
-0.000730088176644901
-0.000720854380622231
0.000222679403197974
-0.000360537123594421
-0.000164514569861924
0.000111535719914535
0.000138004246714599
1.89756729697396e-05
-2.40527768899395e-05
1.7429445362625e-05
-5.69236692815057e-06
-2.38079761410612e-07
1.22732346844467e-06
6.55366292063173e-07
6.08810518160408e-07
-3.98808333935677e-07
-1.52617229637834e-07
5.41231849826757e-11
-1.37556587449434e-11
1.46813968629773e-11
0.330258488664818
0.282083001866158
0.234749623099006
0.197269837147044
0.16934138086024
0.126824384236478
0.0652681379756318
0.121381311913099
0.147437764016644
0.148289147109714
0.142035059595462
0.338404592876857
0.765290772933546
0.216438831802189
0.224343745430878
0.247808966730754
0.129780822007412
0.184305296165997
0.60945784262462
0.115290519447484
0.167459347951127
0.228244521847243
0.864460432635494
1.54703580494774
0.103176615027363
0.254514465031175
0.734832071057222
0.733936916485509
0.945374757085864
0.23196490564562
0.0927996921720333
1.4230684985323
1.32225490561807
1.99842827596082
0.633291943026611
1.14237745543174
1.50463839606732
0.0834505203182947
1.99952061679604
1.41945767168416
1.42964758583877
0.697846588487859
0.0317825216321037
0.0827590453764609
0.0985606261311829
0.100308923369195
0.0983192079519579
2.43211290646931e-07
6.42605697923127e-09
4.48037245452078e-09
0.0955356753848731
5.14274151549679e-10
5.58822853904692e-11
0.0940451128631054
2.72520224826567e-10
0.0014227916433978
0
1.10473783020006e-10
0.0921725414153197
6.8061854637287e-10
1.84458707973555e-09
0.0884564686767798
0.00115874573427394
0.14563738597342
0.000158817260618361
1.40699318621577e-05
0.0845990791827468
0.000358051654046587
0.0927211331802199
0.107822312230863
0.000137400441921221
0.0165364818941067
0.0807728440894493
0.0462694613851528
0.177610119130656
0.880199931171987
0
0.286302542098053
0.84026295919184
0.0771873257564075
1.99999999999999
1.20615120887354
1.06881068576757
0.666454239132664
