6.32406601778874
-10
6.89438136963903
-4.01244624040149
1.76793439394017
2.26485102065748e-07
-1.33269192353527e-09
-2.7244949041556e-12
-0.414532278302425
-1.00572775901644e-11
-0.0921177529013113
0.00133466614863953
0.027393678502942
0.00536718565656528
1.9008714517646e-05
-0.00127123230222292
2.84024999964716e-06
-0.000596551690585092
-0.000228953932908397
0.000207220590103634
-2.37742389274529e-06
-1.11263214944817e-05
-8.95179745017135e-12
1.87277689855005e-07
2.18965258713729e-07
-3.07261207353653e-09
-9.99901783043594
3.06954482152674
0.720253187033371
-0.864755910871332
-0.0633481171955926
-1.30136851509683
1.07877999441987
0.660680491012087
0.23393320503347
-0.411875747752304
-0.204214512115052
-0.139754811021748
-0.076711075620691
0.00727276866358698
-0.00713631177837141
0.000513486483572253
-0.000721077600995502
0.000217387752084956
-5.54494329605983e-05
1.68693592297329e-05
-0.000200303520795157
-2.31889536616102e-05
-3.84211177860326e-06
5.88495919025264e-07
-3.90892063927734e-07
1.89291055029439e-09
0.330258581744963
0.282083001874324
0.234749594828893
0.197269835959653
0.169341454899571
0.0652681379750273
0.272376661296523
0.16982338546731
0.147438570426022
0.610520544451362
0.338404590778842
0.216566793338146
0.129780954941382
0.115294153267756
0.176407992887202
0.22824250950894
1.54703854765803
0.103168490330145
0.72427325775281
0.721193331396261
1.6030856065429
0.0927363915024221
0.715998279233894
1.1401472471345
0.0833435821339205
1.55865809354923
0.03178260730953
0.0827590453667653
0.0985605932706248
0.10030892522431
0.0983186288280375
6.42605697923127e-09
1.05317622207489e-10
0
0.0955348441915418
0
0.0940451221980874
0.00179356483110964
0.0921725792678627
0.0884617697754115
0.00210984568952784
0.145638096916371
2.21815443267889e-05
0.0846299892330427
0.0933167007531084
0.105687683282257
0.000154296710650168
0.0808028550361837
7.52663110640983e-11
0.294975336299458
0.0771530092179423
1.02521705476757
