6.32403657058457
-9.99999999987933
6.89436177736475
-4.01244694167189
1.76780939809587
-3.83018368252369e-05
2.3383147582294e-07
6.42582997949759e-08
-0.414441095152223
8.69790535338186e-09
-3.40960455913397e-10
4.47992133178808e-08
-2.09535196135853e-11
5.3712732037543e-08
-0.0921177741826621
0.00138227544451061
0.000576940453565575
9.75955824540443e-09
2.59874895244868e-09
0.0273926902039093
-7.85207509057385e-05
0.00538211487680775
0.000154260398138763
-0.00127143352949957
-4.87120680725127e-08
-1.124656676045e-05
-0.000601238555925786
-0.000572821983525066
4.59041783735648e-06
-0.000207240623096772
0.000185882750764967
-2.32819805581553e-07
-1.13740097391276e-05
6.46103600609035e-06
-2.77647550169613e-11
2.42168201867298e-06
2.34167096226552e-06
-4.66497266512565e-08
2.48537537734316e-07
2.12425060078757e-07
2.52302600615273e-07
-4.16681727546398e-08
-3.77854137932342e-10
-1.22691971114199e-10
-1.09810722131847e-10
2.23129341798386e-11
-9.99913510393365
3.06954482176221
0.720256071586068
-0.864756329913483
-0.0633933810814258
1.42892901589235
-1.30136851509683
-0.499608759265687
0.233890518989127
-0.431984673762171
-0.3743034237365
-0.333838899959362
-0.314000201324198
-0.301818387950048
-0.204214562089732
-0.177071239174253
-0.169977099424828
-0.112990676283607
-0.082571661663164
-0.0767116572632351
0.0738255689999503
0.00727371463060033
-0.00730905994825973
0.000513335828769998
-0.000731286322043594
-0.000720863563247197
0.00022268352929335
0.00021257235438579
-0.000360537123640123
-0.00016450596746715
0.00011153317815763
0.000138004248753264
-2.40527542227052e-05
1.7182396280118e-05
1.78219275423e-05
-5.7848662428689e-06
-2.37946117793982e-07
1.22736721282853e-06
6.6428453004465e-07
6.08590496310353e-07
-3.98689320889319e-07
-1.526730564125e-07
7.68602023759827e-11
8.68441733541458e-11
-3.8712183147484e-12
1.38125689262769e-11
0.33025838393703
0.282083002083745
0.234749623118186
0.197269837060433
0.169341380297369
0.126072050421222
0.065268137975944
0.121381311913097
0.147437764586461
0.148289143746911
0.234672082989949
0.142035059070069
0.117228751050901
0.127661896171813
0.338404587581233
0.216438515488835
0.22431370298875
0.247808966730754
0.0984633650222411
0.129780825619057
0.184305296162701
0.11529051943319
0.167459347924026
0.228244516113162
0.86470585023229
1.54610714097331
0.103176554208875
0.231944294526414
0.254514465031176
0.734814630538905
0.733936916495449
0.945374757085867
0.0927996921723732
1.42298457202929
0.293596562326956
1.32225490557278
1.99842827596077
0.633291943562696
1.14237745610651
1.50463839614053
0.0834504405760141
1.99987720174694
1.94566578149428
1.41945767168416
1.45359347888021
0.697846585387616
0.0317825135764415
0.0827590453312878
0.0985606260908814
0.10030892318358
0.0983192082975077
2.33603428115876e-07
6.42605697923127e-09
6.75342590949616e-09
0.0955356760889201
2.17824943336979e-10
0
3.68909015975311e-09
6.31377388322919e-11
3.34278777507891e-09
0.094045112866159
0.00142506330060593
5.39668417603031e-05
2.2223681819554e-09
6.6274721508436e-11
0.0921725381794144
2.88652715573837e-11
0.0884564686632806
0.00115874606421215
0.145637387342083
0.000161346762896001
7.51781081606963e-13
0.0845990744875395
0.0165943429126206
0.000358051654092601
0.092715642838078
0.107822312225081
0.000137400443968848
0.0807728440901468
0.0461503037531145
3.84334277274382e-09
0.177610119759982
0.880199931172037
1.34140538826085e-08
0.286302542855958
0.840262959135894
0.0771879058965446
1.99989319545888
1.00458930008776
1.20615120887354
0.0102427942217162
0.666454233771684
