6.32406294421186
-10
6.89436177742362
-4.01244694172474
1.76780941369265
-4.01527345931942e-05
2.31086950687636e-07
-2.403397031575e-08
-0.414441088123904
-2.05127311995741e-08
-0.0921177636730617
7.46045576859214e-10
0.00134106425488192
-6.28554488987146e-07
-2.95425110216526e-11
0.0273926582688751
-7.85155763411505e-05
-1.45331248086666e-12
0.00538211554217442
0.000154261010266139
-0.00127143786062831
-6.79754481718189e-08
-1.12463314335981e-05
-0.00060124710317128
4.59073501773766e-06
-0.000207221017010545
0.000185884097208343
-2.31409791106676e-07
2.1651695789298e-05
-1.1373903748443e-05
6.61811575427858e-06
2.30672290861613e-06
2.34124931914552e-06
-4.81335816208176e-08
2.23177219784583e-07
2.12406330635988e-07
2.52245875970712e-07
-4.16584158916769e-08
-8.08998346303245e-11
2.00289890657242e-11
-5.30094301436326e-12
-9.99907391143907
3.0695448216808
0.720256071146755
-0.864756330021858
-0.0633933668705734
1.42892901589235
-1.30136851509683
-0.499608759265687
0.233890514970047
-0.333838899959362
-0.204214522307436
0.194591718023943
-0.175769170921074
-0.169977090881761
-0.112990676283607
-0.0767116233056866
0.0738255689999504
-0.0674173198722935
0.00727371446184944
-0.00730905989304716
0.000513332571994242
-0.000730088176644411
-0.00072085438062222
0.000222679401611421
-0.000360537123769443
-0.000164514569684306
0.000111536496476673
0.000137977640160273
5.66941980694166e-05
-2.40527659842249e-05
1.74294538326665e-05
-5.69420396550335e-06
-2.38080740784433e-07
1.22732346844467e-06
6.55777767452736e-07
6.08809107467283e-07
-3.9881360232137e-07
-1.52617332983729e-07
1.48115779924178e-10
1.37126038612742e-11
-5.46222530062254e-12
0.330258488666917
0.282083001807353
0.234749623056662
0.19726983733944
0.169341380889053
0.126824384236478
0.0652681379756092
0.112946105628004
0.147437763635202
0.142035059595462
0.338404595847889
0.203743508020222
0.216462772678291
0.224343745430877
0.24780896673075
0.12978082142709
0.184305296165544
0.609457842624484
0.115290519308218
0.167459347952302
0.228244600768724
0.864460432635494
1.54703580494774
0.103176615027329
0.254514465031177
0.734832071057222
0.733936916555789
0.945374757059793
0.223874699808709
0.0927996911483319
1.4230684985323
1.32225490613639
1.99842827596082
0.633291943026611
1.14237745543173
1.50463839606732
0.0834505203182336
1.99952061679604
1.42964758583879
0.697846588487994
1.4194576716842
0.0317825216349066
0.0827590453056733
0.0985606262597278
0.100308923353964
0.0983192076618716
2.43221216651994e-07
6.42605697923127e-09
8.23404901276502e-10
0.0955356752582681
5.30750790659351e-11
0.0940451221512967
5.84803097486447e-11
0.00143666214777245
2.8059681134633e-11
0
0.0921725419054533
4.71232877213396e-10
6.67359921907169e-12
0.0884564691433688
0.00115874571646685
0.145637382748802
0.000158817260616113
1.406993186159e-05
0.0845990791828743
0.000358051654222818
0.0927211331802196
0.107822312775404
0.000137373718365396
0.0177957944961728
0.0807728437351884
0.0462694613851563
0.177610119043203
0.880199931171987
0
0.286302542098054
0.84026295919184
0.0771873257527335
1.99999999999999
1.06881068576756
0.666454239132814
1.2061512088736
