6.32403694367655
-9.99999998486637
6.89434444959445
-4.01244682119002
1.76780983826586
-6.23756448416865e-06
2.33998085520998e-07
2.12208322311745e-06
-0.414441733422779
8.69650099894077e-09
1.01291044310327e-08
-2.1785272201073e-12
-1.01438798247869e-07
-1.20682481292775e-06
3.70329953013084e-08
1.86454574093668e-09
-1.47740029406817e-08
-0.0921177646309605
0.00138195227691961
0.000558809175084087
2.15193130275662e-08
1.18371668449596e-07
0.0273933204979137
-7.85221600436253e-05
0.00538234491576923
0.000154260391603242
3.20250694664608e-05
-0.00127148979589312
4.57380706049114e-09
-1.12465658429146e-05
-0.000599947992161443
-0.000572829497757731
-0.000418407227406929
0.000366424972035492
4.5902909038139e-06
-0.000133532349520093
0.000144962391346942
-1.12797034565737e-05
6.45715689271297e-06
-1.86263533863567e-09
-8.29973411206758e-06
2.41428031760032e-06
2.4708949097922e-07
-2.30203895414054e-06
1.70860511628791e-07
2.55543234607266e-07
1.95982666705744e-07
1.59597153770947e-11
-9.99912778634115
3.06954482096478
0.720253999591281
-0.864755758914315
-0.063393026590034
1.42892901589235
-1.30136851509683
-0.499608759265687
0.233890268793916
-0.431984673762171
-0.3743034237365
-0.352847910059513
-0.333838899959362
-0.314000201324198
-0.301818387950048
0.283972013362894
-0.246528974082898
-0.204214549723829
-0.177071239315747
-0.169977132406854
-0.112990676283607
-0.0825716616631639
-0.0767138317970354
0.0738255689999503
0.00727386849320948
-0.00730905994833083
0.00152790412721323
0.000513323672639191
-0.000731320410781451
-0.000720863563247197
0.000221761742110511
0.000212266924931823
4.96010052422126e-06
2.15952828878648e-06
-0.000359513262501639
-0.000114185830947778
9.03483090611778e-05
-2.33497869898359e-05
1.71809842452952e-05
1.78219275416927e-05
1.52545973290021e-05
-5.80760537493047e-06
-4.22385306394105e-06
3.04208156145874e-06
1.22736724071926e-06
6.7080747450975e-07
-3.94352759120301e-07
3.7320093603972e-11
0.330258384520191
0.282082999624709
0.234749623163191
0.197269834406068
0.169341380074723
0.0922709454372924
0.0652681379759726
0.121336734932123
0.147437775560035
0.148289143746911
0.234672082989949
0.331600659136909
0.14203746177892
0.11723492283204
0.127661896171809
1.62768543139387
0.134231412813372
0.338404662255802
0.216444268323898
0.213138786286491
0.247808966730755
0.0984594406615026
0.12978083872001
0.184305296130607
0.115290690432278
0.167459347924039
0.945367389291661
0.228244504335755
0.864705850108219
1.54610714097331
0.103176125854392
0.231951330275743
0.734708481916361
0.733879912159455
0.254473772667646
1.998425662581
1.94566579780497
0.0927430900682749
1.42298457202944
0.293596562326955
1.50434569360682
1.32225463949126
1.99987719020312
1.41945833087973
0.633291943562698
1.14237734572082
0.083269941352165
0.697846540622545
0.0317825238061763
0.0827590488453436
0.0985606633821654
0.100308923249755
0.0983192055855528
4.58601469480085e-08
6.42605697923127e-09
0
0.0955356769651342
2.12180277495676e-10
3.4895930647372e-08
5.76337145718423e-13
7.21495326802735e-10
2.77628623627216e-09
0
0
1.41748901503759e-09
0.094045197418563
0.00142512487902366
0.000106941990199412
9.4541999595825e-09
3.25329076279279e-12
0.0921723903907462
0
0.0884563692859341
0.00115874606466065
0.00152794106255074
0.145637396291286
0.000161501234384194
7.53714979025462e-13
0.0846074439348767
0.0165938989191887
0.0928419028731027
0.10786343768812
0.000359512062808509
0.880199739559714
1.00458973794452
0.0807990473012208
0.0461503037525394
3.84019538738648e-09
0.840160170120638
0.177610150934694
1.99989320271604
1.20615020705904
1.34165785268849e-08
0.286302465014083
0.0771064516174436
0.666454214072179
