6.32406602875248
-10
6.89436018221159
-4.01244633206195
1.76780673604417
2.27214786876593e-07
-1.42570529940724e-09
4.26460659464714e-09
-0.414440588882549
-0.0921177503689702
0.00133466861148745
0.0273936837234015
0.0053814898781516
6.742406697628e-05
-0.00127131160801188
2.81108003495533e-06
-0.000601559102508777
-0.000207327520043882
0.000185882272709398
-1.13374740296836e-05
-2.38660760514225e-06
-4.78124707674583e-07
1.87297214561805e-07
2.52135286648426e-07
7.55433439358617e-09
-1.55769650301727e-08
-4.92725066700732e-10
3.12001002480899e-10
-1.21525347269587e-12
-9.99907698003569
3.0695448215716
0.720252718231913
-0.864756147245684
-0.063394124430587
-1.30136851509683
1.07877999441987
0.660680491011863
0.233890819734082
-0.20421453128456
-0.139754811010945
-0.0767110676824351
0.0072737685546608
-0.00728107102865801
0.000513519450990621
-0.000721195933347895
0.000222540684475667
-0.000164938305804605
0.000111538358762852
-2.40791489110035e-05
7.35974676063137e-06
-5.01800982688289e-06
5.88588851127605e-07
-3.98760366640023e-07
4.98219616841234e-08
3.29603418172776e-08
-1.03711480093065e-09
-7.39280526806628e-10
-2.63272265902005e-13
0.330258486651862
0.282083001879781
0.234749620947303
0.197269836454844
0.169341380460303
0.065268137975132
0.272376661296523
0.172885292601632
0.147437734877401
0.338404595866699
0.216566792099643
0.129780955176765
0.115290400820765
0.166562073639152
0.228242761380402
1.54703872390163
0.103178304881595
0.734946507026059
0.733936916544125
0.0928019502507505
1.42308235294349
0.715997960933611
1.1401472471345
0.0834485375981066
1.99727059924879
1.50462940729729
0.972568787982016
2
1.4440465286512
0.0317825012602611
0.0827590452958185
0.0985606311352086
0.1003089250804
0.0983192163879373
6.42605697923127e-09
8.72584564927929e-11
0
0.0955356707079268
0.0940451191064594
0.00179356395980283
0.0921725803560244
0.0884565726059831
0.0014638959034456
0.145637324678354
2.63128648915573e-05
0.0845989439050627
0.0926341461063093
0.107822312793933
0.080775383519567
0.0462378927527844
3.33791690566614e-06
0.294975336299458
0.0771867251852512
0.925395535783693
0.840291099593793
0.750948647730008
2
0.167283194960953
