6.32403657037168
-10
6.89436177742369
-4.01244694177014
1.76780939813254
-3.83018182044862e-05
2.33069014252233e-07
6.42845806621832e-08
-0.414441095144107
8.70821568938365e-09
4.29395884909047e-08
-8.71782861877466e-12
5.41528682326634e-08
-0.0921177741785953
0.00138227545399482
0.00057693982160582
9.76589780958467e-09
2.63402451485643e-09
0.0273926902212902
-7.85189953980717e-05
1.68604916065248e-09
0.00538211490591263
0.000154260585484688
-0.00127143349704843
-4.92352681475045e-08
-1.12463904696243e-05
-0.000601238377811632
-0.000572822087635725
4.59044571060805e-06
-0.000207241748553786
0.00018588275736349
-2.32359669168419e-07
-1.13739794229173e-05
6.46132271133671e-06
2.25874405512191e-11
2.42271588157885e-06
2.34107735361595e-06
-4.66250476829163e-08
2.47044912382394e-07
2.12426069684206e-07
2.52319212389539e-07
-4.16728908423271e-08
-1.21864166921356e-10
2.13054262742115e-11
2.96634644864878e-13
-9.9991350901288
3.06954482169929
0.720256071186172
-0.864756330376889
-0.0633933816153971
1.42892901589235
-1.30136851509683
-0.499608759265687
0.233890518988908
-0.431984673762171
-0.333838899959362
-0.314000201324198
-0.301818387950048
-0.204214562089792
-0.177071239174266
-0.169977099424928
-0.112990676283607
-0.082571661663164
-0.0767116572625231
0.0738255689999503
-0.0674173198722935
0.00727371463159267
-0.00730905989595598
0.000513335829483365
-0.00073296547150153
-0.000720863563247197
0.000222683591806881
0.000212572115182337
-0.000360537123637079
-0.000164505466178884
0.000111533181931224
0.000138004247361561
-2.40527676929965e-05
1.71825369312336e-05
1.78219275422994e-05
-5.78369445256021e-06
-2.37937662517956e-07
1.22736721298963e-06
6.64558306083747e-07
6.08590270556017e-07
-3.98689916534366e-07
-1.52668702810693e-07
8.56150846139379e-11
1.35457035887968e-11
4.29080073237727e-15
0.330258383954777
0.282083002084236
0.23474962309913
0.197269837087118
0.169341380283567
0.12607205042122
0.0652681379758443
0.121381311913097
0.14743776458571
0.148289143746911
0.142035059070119
0.117228751050901
0.127661896171827
0.338404587581153
0.2164385154888
0.224313703033636
0.247808966730754
0.0984633650222411
0.1297808256324
0.184305296166118
0.60945784262462
0.115290519432002
0.167459347954773
0.228244516113411
0.864565117128122
1.54610714097331
0.10317655213108
0.231944294520293
0.254514465031176
0.734814630543883
0.733936916495442
0.945374757085866
0.0927996921722414
1.42298457202926
0.293596562326956
1.32225490557267
1.99842827596077
0.633291943562696
1.14237745610646
1.50463839614053
0.0834504405760139
1.99987720174694
1.41945767168416
0.697846585387616
1.45359347888021
0.0317825136092665
0.0827590453123932
0.0985606261058078
0.100308923184036
0.0983192082775375
2.33657054463479e-07
6.42605697923127e-09
6.68371161578218e-09
0.0955356761029516
2.53438323891376e-10
3.97131596642726e-09
1.60984419161948e-11
3.0677869726832e-09
0.0940451128664462
0.00142506330219891
5.39671553767754e-05
2.22253945064479e-09
3.13213260707896e-12
0.0921725381651878
7.37824799244281e-10
3.47844321882992e-10
0.0884564686687926
0.00115874573480624
0.145637387342061
0.000161263314160149
0
0.0845990746830066
0.0165943429055594
0.000358051654089536
0.0927156428139644
0.107822312225084
0.000137400442571026
0.0807728440900201
0.0461503037531685
3.84333930671096e-09
0.177610119760008
0.880199931172058
1.34140685873698e-08
0.286302542855911
0.840262959135894
0.0771879058965275
1.99989319545888
1.20615120887354
0.666454233771684
0.0102427942217162
