6.34526043011449
-9.98930153965398
6.87790246643965
-4.07337170256451
1.78239913837812
1.89112220928309e-07
-0.413086800029455
9.11806999533482e-09
-0.0617707985359491
0.0259417352127687
0.00539267015767071
0.000675489049277708
-0.000527274075898732
5.21614106671859e-07
-1.40367399410333e-05
2.0367190458139e-09
-9.99999999950024
3.07092060182063
0.71675018313604
-0.89409204524203
-0.0303692502106104
-1.30136851509712
0.226106372126583
-0.271636877084123
-0.217712851537148
-0.0744743513420467
0.00663371563851791
-0.00137300036799025
0.000260619118815551
0.000133918707418789
-1.82511527098065e-05
-3.63460147992733e-07
0.3301829182512
0.282427466422844
0.234388615529328
0.197429099719936
0.169510092241409
0.0658028304498102
0.147462683313898
0.0309047908257179
0.340049739754957
0.129666021828025
0.115064409982335
0.242111524835532
0.10286495218305
0.799230718332831
0.0923522914457083
0.0827001302665183
0.0316495340367411
0.0827302959573505
0.0986129676209214
0.100092945342063
0.0983533932876552
5.46753088044626e-09
0.0956480633246758
0
0.0915655298408744
0.0922734202655142
0.0884923049233304
0.148980758499842
0.0845535747320937
0.000286800946416754
0.0806293626240213
0.0767033897238833
