6.32406601524683
-10
6.89438136966157
-4.01244449644583
1.76793439395799
2.25814919493908e-07
-0.414531821990894
-0.0921182931840469
0.0013330926775743
0.0273936790117012
6.53574408748951e-10
0.00536707244766716
1.90080842934713e-05
-0.00127123163083615
2.84028451844247e-06
-0.00059652411085899
-0.000228953804456905
0.00020722051994727
-2.38097366923829e-06
-1.11264006711844e-05
1.90483277542135e-07
2.18988751338762e-07
-3.07872285076847e-09
-3.61459603242216e-12
-9.9990181485767
3.06954482135374
0.720253187033995
-0.864756197841035
-0.0633481171948344
-1.30136851509683
0.23393357923384
-0.20421412605392
-0.139509539112961
-0.0767110758692331
-0.0451270960464317
0.0072729013060782
-0.00709790333481607
0.000513487622252142
-0.000721077662618731
0.000217337622831973
-5.54494302193515e-05
1.68694817944037e-05
-0.000203982340820859
-2.31889674841443e-05
5.86412263624412e-07
-3.90951402721659e-07
1.9017392681086e-09
-2.57199074365784e-11
0.330258581210203
0.282083001861552
0.23474959486996
0.197269837336184
0.16934145493474
0.0652681379749134
0.147438560952679
0.338404536769962
0.216606345846098
0.129780954896424
0.105281068103767
0.115294259444104
0.176408157169926
0.22824250174916
1.54703854766586
0.103168354816282
0.724273257753063
0.721193331397473
1.59644953610302
0.0927363915025529
1.139667025275
0.0833435821338978
1.55820352663118
0.309868329198182
0.031782606656995
0.082759045423895
0.0985605932298108
0.100308929911311
0.0983186288556648
6.42605697923127e-09
0.0955348434745684
0.0940451705087799
0.00179745289047589
0.0921725792217318
1.7147619714325e-11
0.0884617785486697
0.00212126512251639
0.145638092555231
2.21835474462981e-05
0.0846302220710699
0.0933167007569314
0.105687683267908
8.00129879958705e-05
0.080802855036515
0.294935708713177
0.0771530092179448
1.02540631354861
0.00482883384678126
