6.12901260535816
-7.09815866178605
0.453579442945989
0.797597537239242
0.312756155204194
-0.101616715652415
0.00612843958131548
0.00020235016456335
-10
4.64595441996485
-1.70089195684339
0.112344728629267
0.555889925694248
-0.02703084446156
-0.00639816289148837
0.000222507062668988
0.331080549466249
0.284238135975369
0.210055535307666
0.240708671487235
0.172917360492779
0.145885050704631
0.124913706155875
0.10745015361047
0.0349038531134974
0.0899721633922689
0.115553261811595
0.124262141235208
0.109630886536933
0.104863068324826
0.099792412371642
0.0947761396721436
