6.3252052133158
-9.99999999988365
6.89233577572711
-4.0130189874837
1.76955311496675
2.24766940655692e-07
-0.412746653439343
1.90717481959969e-05
-0.0917576219021293
0.0264669293628948
0.00540384597199283
-0.0013020093090135
-5.55097187177472e-12
-0.000567865199872134
-0.000206500742334727
0.000188226484427149
-1.45009990672735e-08
-5.84489149703385e-05
-1.40399520752922e-05
2.35225064258758e-07
-9.9999895319072
3.07186339221263
0.719995749023324
-0.871278012166113
-0.0585672879899173
-1.30136851509683
0.231658473933938
-0.428206110680602
-0.204241066846196
-0.0753467055531263
0.00686256566557055
0.000656995140410117
-0.000720810322192983
0.00025955754095725
-7.19261553926587e-05
3.72024011039532e-05
-0.00015487833488678
-6.56837278845501e-07
-2.32948741719471e-05
-4.55940902540277e-07
0.330255385228133
0.282077336321619
0.234755258820839
0.197281680758979
0.169370116331256
0.0652681379747821
0.147440010330205
0.231973795634439
0.338476799696979
0.129712937330381
0.115137354062552
0.22782866788313
1.59359197017996
0.103014403203205
0.721374715741346
0.718769545232087
1.60104309040642
0.130956970204653
0.0927394301041126
0.0834960016974155
0.0317742691618723
0.0827639270790092
0.0985634990533461
0.100297932922391
0.0983225069970727
6.42605697923127e-09
0.0955795014105322
0.000299348462114818
0.0940491591551402
0.0922368666752979
0.0884733404894496
0.145108567943773
1.98229522481059e-08
0.0844916467850716
0.0959341613050818
0.106184113162724
2.12367022144169e-05
2.05848859413619e-16
0.0805906897160696
0.0770223291115669
