4.15577988068673
-6.10576161217234
3.28157941869636
-0.931366910704186
0.0938456724227144
0.00602310042456521
-0.000600710383060726
-10
2.82298010960995
-0.473675482187227
0.380964925023678
-0.145921065736187
0.014863775572973
0.000133742965344351
0.333452572823977
0.285959190923072
0.231364250986632
0.188064114920501
0.156130861517463
0.13195346832176
0.112371503946232
0.0394463811912386
0.0930267029194316
0.111248837005324
0.113225995361785
0.109612446045563
0.104282357950607
0.0987449424782315
