6.32406296784276
-10
6.894360221829
-4.01244694161826
1.76780746188972
-2.08869976991257e-07
2.28539349770205e-07
-2.97931278353261e-08
-0.414441088966927
-2.63979520237891e-08
-0.0921177510246057
0.00133768872926485
0.0273929134541814
1.35955945617845e-09
0.00538181306627208
6.74569741505602e-05
-1.40285708847141e-12
-0.00127139885161863
-6.58493261778816e-08
-1.134034199432e-05
-0.000601553672295514
-0.000207221034570857
0.000185883345160704
-1.13373926974405e-05
6.61913670957776e-06
-1.57976786401164e-07
2.32965719009913e-06
1.08428301926633e-06
2.34124935298969e-06
-6.38322749006839e-11
1.85027622484122e-07
2.11330066907033e-07
2.52260192246043e-07
-4.19626433532639e-08
-9.99907221576879
3.06954482157836
0.72025298169332
-0.864756330209467
-0.0633944554335426
1.42892901589233
-1.30136851509683
-0.499608759265687
0.233890529827426
-0.333838899959362
-0.204214531051458
-0.175778055006474
-0.0767108700606324
0.073825569347019
0.00727388972903348
-0.00733447224026566
-0.00276892397971759
0.000513377969775923
-0.000732695298538168
-0.00072119096191801
0.000222535277710362
-0.00016451459090636
0.00011153650302673
-2.4077453647728e-05
1.74395404470559e-05
1.40453274088108e-05
-5.79939809078922e-06
3.72057880238663e-06
-2.3808468500756e-07
1.35461930417247e-06
6.16607819733542e-07
6.08062518781795e-07
-3.98879957794179e-07
-1.52847928645284e-07
0.330258491624037
0.282083001851328
0.234749619037731
0.197269837411047
0.169341372990805
0.127898332345552
0.0652681379752991
0.112946102782228
0.147437763390925
0.142035059595467
0.338404598027871
0.216584806006142
0.129780860653567
0.184305728107154
0.115290489052905
0.166565670645882
1.21366208635757
0.228244036868674
0.864550432821982
1.54703872450495
0.103178254133393
0.734832071058292
0.733936916559348
0.0928017606941016
1.42307769458997
0.945374425829717
1.32216832882282
0.223930277861306
1.99842827596064
0.439762016449496
1.14234057768607
1.50463841221977
0.0834495684736329
1.99999999990822
0.0317825246569111
0.0827590452395205
0.0985606312884919
0.100308923486535
0.0983192133230815
1.4209266936223e-09
6.42605697923127e-09
5.8929429363166e-11
0.0955356746659835
1.14106082146101e-09
0.0940451203439439
0.00142706302248538
0.0921725817183294
3.03316280707468e-09
0.0884564472476339
0.00145304622835603
5.72610299723524e-10
0.145637416367624
0.000170150559728806
2.61763552399312e-05
0.0845989669273998
0.0927211331907254
0.107822312777805
0.080775438462981
0.0462387909749864
5.45086323979194e-06
0.177247089267272
0.0178803026003047
0.880199931171958
2.52073063535998e-15
0.286202432756749
0.840262945136316
0.0771863087814643
1.99892719769261
