6.32406584040604
-10
6.8943601822232
-4.01244624041953
1.76780672230933
2.26839390489322e-07
-1.35452491635295e-09
4.85120718121706e-08
-0.41444058886569
-0.0921177503306438
0.00133466613477763
0.0273936784823277
0.0053814897603971
6.74166863971242e-05
-0.00127123231259786
2.81068307734358e-06
-0.00060155797143488
-0.00022895394161829
0.000207492621483043
-2.37731912345855e-06
-1.13374863454911e-05
-4.78133154731325e-07
1.87210854287157e-07
2.52131792787638e-07
3.39736335679134e-09
-3.07261207353653e-09
-3.44304710117787e-11
-9.99908212430461
3.06954482152676
0.72025271823253
-0.864755910871665
-0.0633941792707653
-1.30136851509683
1.07877999441987
0.660680491011863
0.233890819734679
-0.204214531286637
-0.139754811021755
-0.0767110756121915
0.00727376835862509
-0.00728106851803207
0.00051348648587019
-0.000721208960647816
0.000222541321945198
-5.54494467767636e-05
1.54916698352986e-05
-0.000200303520778508
-2.40791715719477e-05
-5.01800982663381e-06
5.88514018372563e-07
-3.98828919855945e-07
-5.36907771777e-08
1.89291055029439e-09
2.29957347813928e-11
0.330258476572901
0.282083001874104
0.234749620944416
0.197269835952952
0.169341380474795
0.0652681379750681
0.272376661296523
0.169824382142808
0.147437734887148
0.338404595863139
0.21656679333812
0.129780954931779
0.115290400667762
0.16656210722534
0.228242509509127
1.54703871780647
0.103178296133308
0.72427325775277
0.720746148354289
1.6030856065429
0.0928019586419302
0.715997960933611
1.1401472471345
0.0834486475158289
1.29137195826763
1.55865809354923
1.99999844529344
0.0317824946684012
0.0827590453035183
0.0985606311435807
0.100308925210075
0.0983192160140358
6.42605697923127e-09
5.90185211260579e-11
0
0.0955356706901588
0.0940451191278538
0.00179356483163778
0.0921725792496355
0.0884565728400236
0.00146388816511363
0.145638096916523
2.6667059933707e-05
0.0845989407842257
0.093316700753094
0.105748255140586
0.000154296710628555
0.0807753713146661
3.33791690529169e-06
0.294975336299458
0.0771861745393881
0.176932933817815
1.02521705476757
0.924424056712849
