6.32403694162666
-9.99999998487104
6.89434444790186
-4.01244682119352
1.76781019391552
-5.85986178567179e-06
2.34194318816752e-07
-1.88436185004838e-09
2.124826007215e-06
-0.414442111176203
6.88339142191255e-09
3.01313383675579e-07
-4.556017402681e-12
-7.63689650515041e-07
-1.20954443497702e-06
3.6137854928702e-08
1.93480873093889e-09
-1.47966638743235e-08
-0.0921177646329731
0.00138194874341662
0.000558807302546768
1.0933145200226e-08
1.19629861734537e-07
0.0273933297203206
-7.85221630357596e-05
0.00538235886705166
0.000154256715564221
3.20250685906996e-05
-0.00127149915727826
5.06703731016953e-09
-1.12465668510107e-05
-0.000599948020454701
-0.000572832844803323
-0.000418410054507914
0.000366423599062556
4.5902853127066e-06
-0.00013353199103525
0.000144962697122589
-1.12796679761037e-05
6.45715711978807e-06
2.76754334225364e-08
-8.29863443536056e-06
2.41427952341242e-06
2.46637490321409e-07
-2.30209423215686e-06
1.75583954755519e-07
2.55263894200955e-07
1.96017732597051e-07
1.09187997744759e-11
-1.0508970197147e-13
-9.99912778639291
3.06954482096463
0.720253998262553
-0.864755758914409
-0.0633925188865182
1.42892901589243
-1.30136851509683
-0.994657675169555
-0.499608759265687
0.233889998046908
-0.431984673762171
-0.374303423736497
0.362341926813564
-0.333838899959362
-0.314000201324198
-0.301818387950048
0.283972013362894
-0.246528974082898
-0.204214549723856
-0.177071239302964
-0.169977132406112
-0.112990676283607
-0.0825716616631639
-0.0767138300055834
0.0738255689999503
0.00727386694887391
-0.00730965874469788
0.00152790412718801
0.000513324524058243
-0.000731320411945889
-0.000720863563247197
0.000221761728818371
0.000212267016572603
4.9594023130125e-06
2.16080588483544e-06
-0.000359513262503072
-0.000114185903854425
9.03457412081796e-05
-2.33497311022361e-05
1.71809842654876e-05
1.78219274400989e-05
1.52559906171872e-05
-5.80760561078505e-06
-4.22343463274895e-06
3.04213182556197e-06
1.22736724132797e-06
6.74391437092907e-07
-3.94397771233497e-07
3.39567851099397e-11
4.12126490496796e-14
0.330258384209032
0.282082999621972
0.234749623255095
0.197269834426402
0.169341381629314
0.0914749345562095
0.0652681379759991
0.103047222881522
0.121336729063427
0.14743777936658
0.148289143746911
0.232234761250561
0.208212820729384
0.142033974832161
0.117234922832235
0.127661896171809
1.62768543139387
0.134231412813372
0.338404662254359
0.216444268645111
0.213138786284254
0.247809000659646
0.0984594309529232
0.129780839698677
0.184305296130606
0.115290695751835
0.167459054521643
0.945367389291661
0.228244503292558
0.864705850108221
1.54610714097331
0.103176125849483
0.231951330277974
0.734708481904295
0.733879912159319
0.254473772667646
1.99842580447897
1.94566579780618
0.092743104827406
1.42298457202944
0.293596562326706
1.50434547113047
1.32225463949126
1.99987719020333
1.41945834921329
0.63329194356269
1.14237734572075
0.0832699576193877
0.697846540622546
1.63261083597939
0.0317825242167303
0.0827590488551314
0.0985606637572601
0.100308923213304
0.0983192024173691
4.35484516562301e-08
6.42605697923127e-09
2.40613605232997e-10
3.89183310086518e-11
0.0955356807860944
2.4616726812511e-10
6.83496722647388e-10
1.47193061877391e-12
3.07413392388109e-08
0
1.56649829761602e-10
1.68509468170403e-13
1.4248482320836e-09
0.09404519741846
0.00142512329903103
0.000106940811719845
1.01521253031997e-08
1.43589886238968e-09
0.092172395582443
0
0.0884563631979097
0.0011586657615427
0.00152794106252552
0.145637396860181
0.000161501239657087
7.5534495366423e-13
0.0846074439361085
0.0165938989187449
0.0928419029167605
0.107863437674854
0.000359512062809942
0.880199649991793
1.00458973792309
0.0807990478751259
0.0461503037525394
3.33976690330917e-09
0.840160020452934
0.177610150934694
1.99989320271609
1.20615029115408
1.34165995137795e-08
0.286302465014059
0.0771062431471128
0.666454214072179
0.954716860197152
