6.32406296746388
-10
6.894360221829
-4.01244694161969
1.7678074618883
-2.08624714848256e-07
2.28593729285113e-07
-2.9380481795064e-08
-0.414441088966927
-2.63994777238541e-08
-0.0921177510246057
0.00133768871862611
0.0273929134541814
1.3509445904345e-09
0.00538181306518544
6.74566942824282e-05
-0.00127139885241532
-6.58493261778816e-08
-1.13403426763696e-05
-0.000601553692556523
-0.000207221034570857
0.000185883343385047
-1.13373926974405e-05
6.61913670957776e-06
-1.57987928950386e-07
2.32965719009913e-06
1.08423790489131e-06
2.34124935298969e-06
-1.58879533016655e-13
-1.36662885264548e-12
1.85027622484122e-07
2.11330245996057e-07
2.52260192246043e-07
-4.19625759012505e-08
0
-9.9990722158347
3.06954482157836
0.72025298169332
-0.86475633020948
-0.0633944554335566
1.42892901589233
-1.30136851509683
-0.499608759265687
0.233890529827426
-0.333838899959362
-0.204214531051458
-0.175778055009505
-0.0767108700606324
0.073825569347019
0.00727388972930431
-0.00733447224350978
0.000513377970622627
-0.000732695298538168
-0.000721190961918017
0.0002225352682745
-0.00016451459090636
0.00011153645667118
-2.4077453647728e-05
1.74395404470559e-05
1.40453274008094e-05
-5.79939809078922e-06
3.72058570176839e-06
-2.3808468500756e-07
-1.95470460886964e-06
1.35461930417247e-06
6.16607819733542e-07
6.08061749351829e-07
-3.98879957794179e-07
-1.52847999267334e-07
0
0.33025849162394
0.2820830018517
0.234749619037731
0.197269837410896
0.169341372990616
0.127898332345556
0.0652681379753059
0.112946102782265
0.147437763390925
0.142035059595467
0.338404598027871
0.216584804774381
0.129780860653567
0.184305728107155
0.115290489052669
0.166565670653549
0.22824403666897
0.864550432821982
1.54703872450495
0.103178254412416
0.734832071058292
0.733936916560359
0.0928017606941016
1.42307769458997
0.945374425829716
1.32216832882282
0.223930277861315
1.99842827596064
0.655786233426478
0.439762016449496
1.14234057768607
1.50463841221974
0.0834495684736329
1.99999999990822
0.697846588487996
0.0317825246582116
0.0827590452394286
0.0985606312884919
0.100308923486777
0.0983192133235749
1.41254790532274e-09
6.42605697923127e-09
8.2914388384164e-11
0.0955356746659835
1.14070317099198e-09
0.0940451203439439
0.00142706331874273
0.0921725817183294
3.03149147024061e-09
0.0884564472478356
0.00145304624483714
0.145637416674922
0.000170150559728806
2.61763552401303e-05
0.0845989668996343
0.0927211331907254
0.107822312778489
0.080775438462981
0.0462387909749864
5.45086321917444e-06
0.177247089267272
0.0178803026003115
0.880199931171958
7.05971315644968e-11
2.05205605783764e-15
0.286202432756749
0.840262945136316
0.0771863087814643
1.99892719769261
0.666454239132815
