6.34077882275126
-9.99998436744152
6.83078660885024
-4.07507778965622
1.78134333296051
-0.412840248628904
0.00164766480262759
0.0283731664378782
0.00410707048986258
0.000770199342656187
-0.000399759853478517
-4.19044836684808e-06
-9.99999999964392
3.05290943458904
0.741702288872139
-0.89183290087524
-0.0350091210074936
0.221055136066436
-0.148438139006594
-0.0708173094286557
0.00635305386342057
-0.000495290763592865
0.000115386042423415
-8.33139920544719e-06
0.3304197183605
0.282796987925533
0.234374332742895
0.197415347965785
0.169494148118186
0.147523905157186
0.346827474696438
0.129780156988285
0.115086845147812
0.244153924060631
0.102535377755407
0.0911868552160379
0.0319871641054938
0.0827505740344949
0.0986849082792826
0.100102753205349
0.0983377776749768
0.0956837656374331
0.0934478814102231
0.0924968796932137
0.0890224506743344
0.153523994311629
0.0854490247296341
0.081948648047919
