6.34138898471594
-9.99999922391466
6.83012300291223
-4.07571052179831
1.78240495478921
-0.41329410801517
-8.13198851126637e-08
0.00164482941964835
0.0285399639158195
0.00406871504557815
0.000735076361607048
-0.000394865572388482
-6.21737930240158e-06
-1.73582698384713e-08
-9.99744483356622
3.05326237771486
0.743085054016175
-0.892632378307101
-0.0347734716512355
0.220016431512413
-0.271636877084123
-0.148538850382996
-0.0703893955463197
0.00630586178101771
-0.000478859986005949
0.000124389836415979
-8.89898155427535e-06
-8.37901139230523e-08
0.330424688255648
0.282794646201108
0.234381005918138
0.197413813318413
0.169497727362422
0.147540249406558
0.0307938182014995
0.346831614839046
0.129781084218786
0.115068325471727
0.244049015566469
0.102461135381133
0.091238137562289
0.0809951318393725
0.031985253432653
0.0827524024033217
0.098683300156775
0.100103468968469
0.0983298199409937
0.0956927693753842
0
0.0934434530578123
0.0925237779650413
0.0890439857166103
0.153797403129769
0.0854077718203402
0.0814655729812026
0.0774648852912989
