6.3240629672318
-10
6.89436177797987
-4.01244694160948
1.7678094186105
-2.94795599576873e-05
2.28779862132795e-07
-3.87625777133366e-08
-0.414441092377658
-1.42934697460773e-11
-1.98036618078113e-08
-0.0921177443219796
-4.15807570552622e-12
0.00134042690040223
-2.68487686213335e-12
0.0273929134468324
-7.85157169544772e-05
0.00538171597794191
0.000168805600721934
-0.00127139927079472
-7.60742316388663e-08
-1.12949486027039e-05
-0.00060124647295631
-0.000207221040934431
0.000185883277792699
-1.13765592227618e-05
6.6177610649016e-06
-1.5827971610603e-07
-1.49300125701795e-08
2.30640646965308e-06
1.10260386486167e-06
2.3412496702287e-06
2.12336499721681e-07
1.87156888516171e-07
2.52262096571687e-07
-4.16692331405983e-08
1.27899013190784e-11
-9.99907221583056
3.06954482157837
0.720256070765683
-0.864756330215758
-0.0633933679537928
1.42892901589234
-1.30136851509683
-0.499608759265687
0.233890524328458
-0.387484030986514
-0.333838899959362
-0.204214526619295
0.194591718023943
-0.175759540761643
-0.169977090881765
-0.0767108700605061
0.0738255689999504
0.00727342855301119
-0.00733600099203532
0.000513378892850027
-0.000730523204101379
-0.00072119570555086
0.000222679182201469
-0.000164514591632262
0.000111536366455808
-2.40618272896378e-05
1.74397992720936e-05
1.4045327380091e-05
1.33894271545336e-05
-5.69456209197905e-06
3.78812603521423e-06
-2.38083050391205e-07
6.08886290784793e-07
6.14444007056035e-07
-3.98878651648063e-07
-1.52595593089571e-07
7.08673402638447e-12
0.330258491487101
0.28208300185072
0.234749623000791
0.197269837410689
0.169341381112847
0.127812925618284
0.0652681379753238
0.11294610278228
0.147437763527363
0.254616683537527
0.142035059595461
0.338404598739317
0.203743508020222
0.216462566677954
0.224343744176206
0.12978086065678
0.184305296164991
0.115290392037944
0.167230973084456
0.228244038196685
0.864554263470859
1.5470386663602
0.103176611844815
0.734832071058291
0.733936916552162
0.0928006172781447
1.42307769458995
0.945374425829716
0.63329444846955
1.32225083032344
0.223928920888326
1.99842827596064
1.50463839606723
1.14234057768618
0.0834495684907755
1.99944813559931
0.697846588487996
0.0317825246491505
0.0827590452406441
0.0985606263148192
0.100308923488505
0.0983192075513028
1.78055874891543e-07
6.42605697923127e-09
2.78514839000243e-11
0.0955356746989818
0
1.40116825118129e-10
0.0940451235874638
0
0.00143670699198687
0
0.0921725817227863
3.55766347869547e-10
0.088456630306971
0.00131597469480459
0.145637419392103
0.000160595610909072
2.6308213028697e-05
0.0845990813855551
0.0927211331907275
0.107822312769186
0.0807723674484455
0.0462387909750901
5.45086316578914e-06
1.33250510230231e-05
0.177613326880086
0.0178798829359876
0.880199931171958
0.840262959191772
0.286202432756765
0.0771863086873505
1.99999574578701
0.666454239132815
