6.32406296723552
-10
6.89436022155828
-4.01244694162306
1.76780746188717
-2.08626584913497e-07
2.28674095252094e-07
-3.88039628763261e-08
-0.414441092374313
-1.97999745326073e-08
-0.092117744316458
-4.65432746210462e-13
0.00133768868684284
0.0273929134506353
2.26762549200428e-09
0.00538181480006874
6.74343217887851e-05
-0.00127139926970292
-6.71787627844755e-08
-1.13403423700625e-05
-0.000601553649680656
-0.000207221037298327
0.000185883342456109
-1.13373845277424e-05
6.61776020339744e-06
-1.58277372623046e-07
2.32895937615287e-06
1.10260756911871e-06
2.34124971823919e-06
2.97335124580077e-09
-7.65521680967483e-11
2.11608626320923e-07
1.87156625531322e-07
2.5227378105932e-07
-4.19073762288667e-08
9.52388840462219e-12
-9.99907221583056
3.06954482157836
0.720252983056242
-0.864756330209502
-0.0633944554335589
1.42892901589233
-1.30136851509683
-0.499608759265687
0.233890524328398
-0.333838899959362
-0.204214525911443
0.194591718023943
-0.175778055002531
-0.0767108700604449
0.0738255693470194
0.00727388956809987
-0.00734942988044353
0.0005133788929199
-0.000732655191143907
-0.000721190961918037
0.000222534999684253
-0.000164514591499521
0.000111536456482808
-2.40774866154214e-05
1.74397993880856e-05
1.40453273801365e-05
-5.79646246442539e-06
3.78812602739388e-06
-2.38084333631815e-07
-1.95470460887811e-06
1.35461930417247e-06
6.07830224519944e-07
6.14446853194133e-07
-3.98875945883502e-07
-1.5289138705314e-07
4.30906097855644e-12
0.330258491488039
0.282083001851717
0.234749619085704
0.197269837411797
0.169341372990442
0.127898332345556
0.0652681379753138
0.11294610278228
0.147437763527032
0.142035059595461
0.338404598637043
0.203743508020222
0.21658480478771
0.129780860655079
0.184305728107154
0.115290488617273
0.166565090570548
0.228244038196687
0.864554271375947
1.54703872450495
0.103178252812869
0.73483207105829
0.733936916560359
0.0928017620235616
1.42307769458995
0.945374425829716
1.32218832300518
0.223928920888326
1.99842827596064
0.655786233426478
0.439762016449496
1.50463841234585
1.14234057768618
0.0834495684907734
1.99999999990817
0.697846588487996
0.0317825246506487
0.082759045238401
0.0985606312908024
0.100308923486812
0.0983192133232358
1.41070816449655e-09
6.42605697923127e-09
2.09125916962213e-11
0.0955356746987604
1.406232653449e-10
0.0940451237367178
0
0.00142706246002915
0.092172581717982
8.77554373755732e-09
0.0884564459012997
0.0014499934020762
0.145637419392119
0.000169978560772191
2.6176355240669e-05
0.0845989696503984
0.0927211331907265
0.107822312778488
0.080775438234675
0.0462387909750901
5.45086316590639e-06
0.177250310062889
0.0178798829359876
0.880199931171958
7.07863289865397e-11
1.99303124615045e-15
0.84026294527991
0.286202432756765
0.0771863086873461
1.99892719769258
0.666454239132815
