6.32406156661979
-9.9999999995606
6.89233577570585
-4.01269113367005
1.76798766590079
2.24983493636352e-07
-0.412341992541636
0.00199167320047462
-0.0917576219080849
0.0264782680929311
0.0053864519499746
-0.00129165184100523
-1.3526431852221e-09
-0.000570427634458985
-3.41826006736527e-09
-0.000197324616112545
0.000179981458127898
-1.16837509737813e-08
-5.83488415163104e-05
-1.27855909550442e-05
1.90938477827688e-07
-9.99903467709642
3.07186338924873
0.719995749022752
-0.866155857912901
-0.0629845580953793
-1.30136851509683
0.232615684077107
-0.428206585805584
-0.204241066846197
-0.0754505914800205
0.00691789305747446
0.000605644449266939
-0.000720810319390697
0.000244368234187898
-0.000410147208031476
-6.80464167458777e-05
3.56781988790016e-05
-0.000156951533311442
-6.5683727886479e-07
-2.2421843001151e-05
-4.20593652812972e-07
0.330257919710792
0.28207733496744
0.234755258808271
0.197269283465889
0.169348814998304
0.0652681379748177
0.147433019530833
0.231551772631316
0.338476799696616
0.129715456127201
0.115164449274506
0.228021364911861
1.5470388084529
0.103045537890385
1.99999995713653
0.72223250437214
0.719735283792432
1.60104353861962
0.130956969943027
0.0926762175819715
0.0833230891929332
0.0317777835806135
0.0827639306448401
0.0985634990661398
0.100306351047714
0.0983190833358488
6.42605697923127e-09
0.0955703404649726
0.000702824435779497
0.0940491591546759
0.0922300871967376
0.0884728026365543
0.145296351701536
6.79877823297969e-16
0.0845551245942549
0
0.0970317364459914
0.107114057860555
3.55778860192698e-05
5.80648980247632e-12
0.0806922117090017
0.0770267225911362
