6.32406601563467
-10
6.8937615536598
-4.01308386018766
1.76798766587189
2.25214471211479e-07
-0.412351472048683
-0.0922924073658256
0.00100852144868735
0.026473041265589
0.00538627044095605
0.000404236967596619
-0.00125660634483092
9.10848371870646e-08
-0.000570208803761613
-0.000201856135172405
0.000181904381213328
-1.02375829508941e-07
-1.27017280549766e-05
1.90617510369204e-07
-5.32159814271195e-09
-1.62463665359285e-11
-9.9990181485817
3.07014881372928
0.720006112653512
-0.865983229789122
-0.0629845580962022
-1.30136851509683
0.232663243670319
-0.204291775235648
-0.139494898157785
-0.0754692602738179
0.00691802192635291
-0.00747337544251948
0.000534811334371128
-0.00072077032407916
0.000243841722577517
-8.16115622527388e-05
4.05588678605557e-05
-0.00015829469051743
-2.23474110543107e-05
-4.12224715071217e-07
2.42941915933896e-09
-2.08713031832249e-11
0.33025858133796
0.28208006028686
0.234751563850149
0.197269697707825
0.169348814977764
0.0652681379748472
0.147432523595509
0.338395025814934
0.216626367488143
0.129715785643221
0.115164515821922
0.150217379236885
0.228133818403657
1.54703879275647
0.103046280095786
0.72432340912055
0.72119231037733
1.60104354176511
0.0926723405797124
0.0833072907274975
1.13966872607581
1.55874559020801
0.0317826066234749
0.0827593264152093
0.0985611825509301
0.100305914022461
0.0983190833201058
6.42605697923127e-09
0.0955698065534226
0.094050898537456
0.0016414221131658
0.0922290978574747
0.0884729589325288
0.0010178460572931
0.145650612562666
3.13165789404994e-07
0.0845580609495649
0.0934435843236661
0.105686171974643
4.11503588086021e-05
0.0806982516616907
0.0770517609751873
0.29494254938224
1.02656389261069
