6.32406294447227
-10
6.89436177767667
-4.01244694167034
1.76780941844432
-2.9477210137829e-05
2.30008871810214e-07
-2.40171088830467e-08
-0.414441087318523
-1.98706007378763e-08
-0.0921177392901387
5.18018008117039e-11
0.00134103972469214
-6.23890736449848e-07
0.0273929122462234
-7.85155571725761e-05
0.00538171857371563
0.000168805599122515
-5.81537246765375e-10
-0.00127139386222845
-6.67153075693768e-08
-1.1295404638586e-05
-0.000601247102511959
-0.000207220969208243
0.000185883377554224
-2.49957558175726e-08
-1.13766154311187e-05
-4.7562552672252e-12
6.61809761549758e-06
-1.58286746140759e-07
2.306718746964e-06
1.10269724537854e-06
2.34124631823942e-06
2.1240319605575e-07
1.87690738343311e-07
2.52191715872898e-07
-4.16533120586888e-08
1.422807337937e-11
-5.1019888048754e-12
-9.99907391144403
3.0695448216808
0.720256071181672
-0.864756330016219
-0.0633933676997979
1.42892901589234
-1.30136851509683
-0.499608759265687
0.23389051356519
-0.333838899959362
-0.204214501867085
0.194591718023943
-0.175759486443088
-0.169977090881761
-0.0767108697106651
0.0738255689999504
0.00727343071695567
-0.00733600108590178
-0.00451196743408656
0.000513384392306791
-0.000730101158700927
-0.000721195705649215
0.000222679356886991
-0.000164514607965961
0.000111536353096652
4.16139457634893e-05
-2.40617362357566e-05
-2.29130384216939e-05
1.74424547414021e-05
1.40453273945323e-05
-5.69420341851768e-06
3.78813740742466e-06
-2.38081819702296e-07
6.08798323776678e-07
6.13869740249335e-07
-3.98896552824183e-07
-1.52609648776693e-07
9.03577498080594e-12
-3.56217128991167e-13
0.330258488796608
0.282083001810247
0.23474962307786
0.197269837338587
0.169341380894446
0.127812925624105
0.0652681379754659
0.112946105628004
0.147437763649105
0.142035059595461
0.338404597126836
0.203743508020222
0.216462601293425
0.224343745426774
0.129780860972673
0.184305296165546
0.115290393409431
0.16723097304072
0.256070696656342
0.228243969170247
0.864554157823326
1.54703866636016
0.103176615024558
0.734832071054908
0.733936916552757
0.633294451936011
0.0928006176948727
0.776660418038333
1.42307768047712
0.945374425829716
1.32225490613639
0.223928920888344
1.99842827596082
1.50463839606732
1.14234057768621
0.0834495684839957
1.99944813559931
0.697846588487994
1.42964755564561
0.0317825215244708
0.0827590453085018
0.0985606262597006
0.100308923334249
0.0983192076123698
1.77905020192507e-07
6.42605697923127e-09
7.66477443581215e-10
0.0955356752545612
1.58250996014175e-10
0.094045126059727
5.14256142185551e-10
0.00143673241891555
1.61081833300314e-15
0.0921725818238952
4.80626323000017e-10
0.0884566284958531
0.00131597521792381
3.43708571573564e-08
0.145637387498349
0.000158666750661379
2.63082157249393e-05
0.0845990791798221
0.0927211331881558
0.107822312769677
4.15936462174636e-05
0.0807723688897773
2.72226645332017e-08
0.0462387874878396
5.4508632030004e-06
0.177610119043203
0.0178798829360044
0.880199931171987
0.84026295919184
0.286202432756766
0.0771863087303791
1.99999574578698
0.666454239132814
1.06881074089728
