6.32524453442468
-9.99999999709431
6.89225255008283
-4.01285840428894
1.76816203965356
2.24313220736687e-07
-0.411163417813774
-0.0916008387601627
0.0259675321436228
0.00544299762783755
0.0026510069862045
-0.00266831391127317
-0.00125865364283575
-0.000567390876731794
-2.74610002043879e-08
-8.9563153632078e-05
-1.40123445947984e-05
2.30087232716165e-07
-9.99977263215527
3.07181641234011
0.719922790048966
-0.871408472508351
-0.0573256897798354
-1.30136851509683
0.229767329109913
-0.204228847040418
-0.0744975829020831
0.00672511925592106
-0.00693252401673959
-0.00594004879887798
0.000555978468007995
0.000266324953970455
-0.000159690715807213
-6.56837278845567e-07
-2.33853794927159e-05
-4.50789210508267e-07
0.330254287344634
0.282083446115194
0.234750040772816
0.197282008730138
0.169378381390507
0.0652681379747107
0.147440849272162
0.338434989123882
0.129667687970506
0.115086403666744
0.750149288919673
0.783336869036191
0.228017461776747
0.103014533718134
1.67217835146069
0.130932322686028
0.092748152574297
0.0834759810076053
0.031791514840351
0.0827569777576736
0.0985646681891266
0.100297908921321
0.0983277359334347
6.42605697923127e-09
0.0956147416412769
0.0939941972731244
0.0922733771082736
0.0884547941087458
0.00756158092100478
0.00658082594240499
0.145586084123214
0.0844667216040862
4.14609168616907e-05
2.85243702065478e-18
0.0805967787695688
0.0770282894717047
