6.32406601741291
-10
6.89438136965088
-4.0124462401295
1.76793439395084
2.26197767843819e-07
-3.09724090249005e-11
-0.414532277836988
-4.58275626215034e-12
-0.0921177528795723
0.00133466409718448
0.0273936792359034
0.005367185665755
1.90080467292791e-05
-0.00127123178296595
2.8402836331993e-06
-0.000596551690320715
-0.000228953810849261
0.000207220504639419
-2.37745128414333e-06
-1.11263544403093e-05
1.8727654528305e-07
2.18983918020808e-07
-3.07307974338571e-09
-3.03402495876218e-11
-9.99901782951222
3.06954482135275
0.7202531870337
-0.864755910734827
-0.063348117195055
-1.30136851509683
1.07877999441987
0.233933204098183
-0.411875747752304
-0.204214512113927
-0.13975481098962
-0.0767110756633052
0.00727276865373933
-0.00709790333520478
0.000513485927033522
-0.000721077661265247
0.000217387731200406
-5.54494336141284e-05
1.68694641336295e-05
-0.000200303533527269
-2.31889718659951e-05
5.88499708634876e-07
-3.90922830538662e-07
1.89379694357802e-09
-2.57768515951046e-11
0.330258581740371
0.282083001868004
0.234749594853286
0.197269835936761
0.169341454918126
0.0652681379749708
0.272376661296524
0.14743857043719
0.610520544451362
0.338404590777218
0.21656679730521
0.129780955024292
0.115294153274781
0.176408157169847
0.228242511965953
1.54703854766568
0.103168490330449
0.724273257753054
0.721193331396969
1.60308560654271
0.0927363915024658
1.1401472471345
0.0833435821339094
1.55865809354923
0.309868329198182
0.0317826072870299
0.0827590453972328
0.0985605932499928
0.100308925223595
0.0983186288421062
6.42605697923127e-09
0
0.0955348441955607
4.00224491012592e-12
0.0940451221963361
0.0017935625105959
0.0921725792924406
0.0884617697804215
0.00212126512381535
0.145638106313524
2.21835034511923e-05
0.0846299892318427
0.0933167007569307
0.105687683268635
0.000154296727178661
0.0808028550363268
0.294975336299458
0.0771530092179394
1.02521705476757
0.00482883384678126
