6.32521325378323
-9.99999999709431
6.89225254980209
-4.01301898722026
1.76871650497574
2.24591340806304e-07
-0.411741384117325
-0.0916008387881379
0.026213845615514
0.00541200382498137
-0.00125865367712405
-0.000567861514956058
-5.32895268292912e-12
-0.00020502754983469
0.000188228564417555
-1.4465358529467e-08
-8.95631730113839e-05
-1.40122763174855e-05
2.24795493209313e-07
-9.99999999960871
3.07181641233949
0.719922789696994
-0.871278011997823
-0.0581174303866911
-1.30136851509683
0.230795736637785
-0.204228847041516
-0.0749929905656263
0.0068251486898421
0.000555978474904122
0.000259557452449713
-0.000536008387902648
-6.99551198930316e-05
3.72005796481247e-05
-0.000154878515092287
-6.56837278845567e-07
-2.3385377962637e-05
-4.65179863206158e-07
0.330253854928144
0.282083446123582
0.23475004074991
0.19728168074234
0.169374149967194
0.0652681379747589
0.147436471461442
0.338434989127344
0.129692111872248
0.115126243286784
0.228017461777349
0.103014408506069
1.42055889465791
0.721449315445495
0.718769545332619
1.60104309040644
0.130932322686007
0.0927481525742795
0.0834853354957714
0.0317913184621915
0.082756977727421
0.0985646681985887
0.100297932924522
0.0983259119883574
6.42605697923127e-09
0.0955977909316534
0.0939941972768653
0.0922486574285862
0.0884681197897784
0.145586084124533
0.0844916418397631
6.91529009999426e-09
0.0964901959377115
0.106184113227217
2.12380163778911e-05
1.55325082835652e-16
0.0805967787685962
0.0769672225930104
