6.32406294613212
-10
6.8943617774736
-4.01244694139797
1.76780941330101
-4.01487984498637e-05
2.31696121531997e-07
6.43248865380014e-08
-0.414441094249726
8.77640262029742e-09
-2.05341296280015e-08
-7.57280695776792e-12
-0.0921177739500556
0.00138235739952293
-6.27854108499275e-07
9.79215948573116e-09
0.0273926543756858
-7.85187250254671e-05
1.18557161597888e-09
0.00538211492055344
0.000154261044342043
-0.00127143346181934
-4.88743552296783e-08
-1.12463295652944e-05
-0.00060124710556631
4.59074640262577e-06
-0.000207221019411624
0.000185882704994759
-2.323536538136e-07
-1.97342911232417e-05
-1.13739079873344e-05
6.45852038192553e-06
2.42274599471406e-06
2.34125307571499e-06
-4.73856105507334e-08
2.47039472590857e-07
2.12408406355924e-07
2.52244269795572e-07
-4.16572005491064e-08
1.39080752113953e-10
-1.21377176941721e-10
5.40693592500342e-11
2.26298209533501e-11
-9.99907391135895
3.06954482171549
0.720256071186098
-0.864756330372585
-0.0633933724344466
1.42892901589235
-1.30136851509683
-0.499608759265687
0.2338905191878
-0.431984673762171
-0.333838899959362
-0.301818387950048
-0.204214562092224
-0.177350077428564
-0.169977090881761
-0.112990676283607
-0.0767116237785143
0.0738255689999503
-0.0674173198722935
0.00727371462568144
-0.00730905989584371
0.000513335813918497
-0.000730702791911889
-0.000720854380622232
0.000222679391216256
-0.00036053712360012
-0.000164514570167036
0.000111533573312238
0.000138004247371559
1.89756729890924e-05
-2.4052770207883e-05
1.71322793098174e-05
-5.7837461039308e-06
-2.38080641221678e-07
1.22734005667402e-06
6.6455988420776e-07
6.08810709015301e-07
-3.98753348205434e-07
-1.52616798824567e-07
-9.63702241854327e-11
8.63623847341248e-11
-1.31035274070671e-11
1.63065394249598e-11
0.33025848909892
0.282083001864968
0.234749623098994
0.197269837144222
0.169341380679986
0.126824384243578
0.0652681379756811
0.121381311913099
0.147437764325579
0.148289143746911
0.142035059595462
0.12766825882157
0.338404588109305
0.216438831988924
0.224343745332694
0.247808966730754
0.129780822047159
0.184305296165999
0.60945784262462
0.11529051944137
0.167459347951125
0.228244517068408
0.864460425392117
1.54703580494774
0.103176615797082
0.254514465031175
0.734832071057221
0.733936916493629
0.945374757085866
0.23196490564562
0.0927996921720749
1.4230684980398
1.32225490557264
1.99842827596077
0.633291943439678
1.14237745610646
1.50463839606732
0.0834504256138667
1.99952061679604
1.82425588704431
1.41945767168416
1.42964758583877
0.697846585387616
0.031782521159158
0.0827590453778696
0.0985606261290908
0.100308923372875
0.0983192080088684
2.43073573357599e-07
6.42605697923127e-09
4.4907765030963e-09
0.0955356756631013
4.59472365544262e-10
3.75842308047473e-11
2.60371903959894e-13
0.0940451129496775
0.001422791638207
2.11415966820883e-09
2.22253372030562e-09
0.0921725411274327
6.54364715807986e-10
3.53747914696593e-11
0.0884564686690666
0.00115874573410058
0.145637387164405
0.000161636861663403
1.40699318621824e-05
0.0845990793510742
0.000358051654052325
0.0927211331802205
0.107822312224519
0.000137400442581067
0.0165364818941068
0.0807728440894943
0.0462694611977897
0.177610119760064
0.880199931172062
1.02284406518141e-08
0.286302542855911
0.84026295919184
0.0771879324343994
1.99999999999999
0.931920496889393
1.20615120887354
1.06881068576757
0.666454233771684
