1.98863145993272
-5.60053052533539
6.39942600807518
-17.5900245504142
23.4094183363972
-25
23.4104028901144
-24.9999999186461
23.4116920149381
-24.9999997616077
23.4130397755384
-24.9999996518529
23.4143723339267
-24.9999995954867
23.4102391351621
1.00043269233992
0.693815747773104
0.615328245972836
0.471188748109351
0.44464578677305
0.380388340526392
0.353601121000604
0.293141985598336
0.276350450392155
0.225381286174007
0.216474525499102
0.177930290444588
0.174512181122561
0.15258163542287
0.152177028511689
