0.220595835098557
0.0687286245492216
0.0196705394424757
0.00540644585408068
0.00188241182020572
0.00062392993376359
0.000182030523654508
7.47826370873757e-05
4.53201655331581e-05
1.13257016959301e-05
7.9426589829235e-06
5.2163786926796e-06
3.24400863730635e-06
3.30494063727431e-06
2.73230835734495e-07
2.73789331428631e-07
2.73473718892525e-07
2.73520694649143e-07
2.73353399138365e-07
2.73332645184254e-07
6.48729644447954e-08
6.48754611143332e-08
6.4886391037966e-08
6.4847976211091e-08
6.49057193546909e-08
6.49483552495056e-08
6.4715444669794e-08
6.47050418800532e-08
6.46590376796041e-08
6.47619202709393e-08
6.47188762581408e-08
6.47114711815888e-08
6.47054642088918e-08
6.47063272962711e-08
6.47071612958072e-08
6.47327326186442e-08
6.47326133806914e-08
6.47010105492285e-08
6.47785146634661e-08
6.47781738249975e-08
6.47789402119514e-08
6.47790010521732e-08
6.47796285502267e-08
6.47793582109202e-08
6.47785851626281e-08
6.477772840352e-08
6.57125722725027e-08
6.57085008626268e-08
6.55978134034285e-08
6.56464106407739e-08
