10
-9.99999999995383
-7.90641643505665
5.96616080213606
3.54762997305266
-0.763019275966468
-0.80558318073938
0.165509057325295
0.299485117545194
0.00410391759528173
-0.0103604593198463
0.00240479806743767
-0.000241444655251711
-5.64821605914694e-07
0.00022655486424787
9.06395491783439e-05
5.53937861643792e-06
-8.61318610186677e-09
-3.50617181367303e-08
-4.21857708669795e-08
-9.96208108931125
6.72176271318919
-1.41773284483704
-3.469015137404
0.363634815721079
3.32586955308678
-0.876990748927873
0.347229853356008
-0.0960900151052458
0.0644669566290112
0.000176123491603402
0.000711404222177966
-0.00124620022125591
-0.000321416108477816
-0.000137427048356602
-6.48847880314238e-05
1.26021254806655e-06
-7.1012496155946e-08
-5.13693463593463e-08
2.92113011107838e-08
0.311768594314363
0.270304163242141
0.184655414477397
0.157967703031456
0.216900186510253
0.13791163389629
0.122344718279456
0.243073477541563
0.109909338999281
0.0997297015491812
0.0912204258100784
0.314429049833262
0.0839533755417635
0.638219096279196
0.211604335531939
0.0775966721487318
0.0718439517265547
0.421118662294085
0.253096743566827
0.292128581060631
0.0301070392941866
0.0901381037246904
0.102652452995718
0.0967921545525982
0.114027096977004
0.0925026892093759
0.0884671680197028
0.130469823943439
0.0845886070762321
0.080898238437175
0.0774291914481287
0.160732557490485
0.0741996017011199
0.000399002495575226
0.160330137863386
0.0712163897477412
0.0685718651022076
0.308811903817734
0.227622489340563
0.254346066110217
