9.9999999999906
-9.99999934637054
-7.90883331435082
5.92170589245146
3.78219393000628
-0.815956667737231
-2.33508758821701e-05
-0.782158824377286
0.209282961518923
-0.0248397239958693
0.000670686147961814
-6.23787068451143e-11
0.100040103002167
0.0526020801373677
-0.0161659814957173
-0.0195104023683881
-8.20550620380397e-05
-0.0011631674040853
0.00170852610001671
6.62539983585046e-07
2.38231488643305e-05
9.58664603835373e-06
2.56966702007148e-06
0.000321982359979623
-5.45800425374078e-08
0.000147948420999665
-1.93102191271175e-06
-6.81717781144417e-06
-2.35322672941184e-12
-6.49308049039583e-15
2.80631494336958e-05
5.11397259155404e-08
-8.93074122409229e-07
-1.26811347678194e-06
4.42644169106656e-07
-8.9318652884794e-07
7.58802075091145e-07
-6.01265850151183e-07
2.12851375075305e-07
-4.00969633962345e-10
-9.96260009070287
6.72267900142615
-1.41614739105903
-3.5330268123399
0.487122330433985
3.22607023815464
1.28665040524753
-0.651300578189739
-0.241965216370012
0.260256828496662
-0.168060231635105
-0.155576125691233
0.0177721746702082
0.0826918902679662
0.0211821208750975
0.0075472477735163
-0.00766928214745645
-0.00308008564832059
0.00241499222982713
0.000972344199259983
0.000768808802969626
0.000710484320525053
0.000552918244367034
-0.000212144924144953
-0.000244918420692521
-0.000183107146443826
-0.000191593371056735
-0.000171005925346271
-0.000149219834830974
-9.22071660914609e-05
1.53774326428315e-05
-2.90085799913297e-05
9.6116366715709e-06
-1.40089990604596e-06
1.45909874610958e-06
5.00148512831743e-07
-1.2271339513568e-07
2.63543015608585e-07
-3.90644399071467e-07
-4.96584120219742e-08
0.31177367851377
0.270318709052769
0.184659852861449
0.157816694572218
0.218678547316315
0.138170594367341
1.34819032653549
0.121254960974484
0.10867240916319
0.249256031221603
0.20950809762961
0.236512701111708
0.118804068595448
0.0995234130664128
0.207583946280788
0.0916566485648731
0.382388767816173
0.084797437145919
0.321970574280476
0.634769318830016
1.37121741581298
1.83630497451465
0.869898463663811
0.0787508498684815
1.98477946955995
0.153540011085149
1.45641462948668
1.84085246396131
1.70143776288699
1.26980473531182
0.0733329233702063
0.72111848888401
1.3213163496667
1.02800388753555
0.0683270885222729
1.67378323018644
1.67682217806405
0.254943728173556
1.89181739609573
0.323271384149103
0.0301335180753562
0.090122252440194
0.102647228376048
0.0967744775220364
0.114306245110969
0.0925748527356246
4.64207677315366e-07
0.090290934779746
0.0834537626000822
0.131149935273545
6.27333123472501e-11
9.94606387733249e-13
0.0931282634959154
0.0794403431464349
0.135727421897454
0.0761074034467961
1.39966712540301e-08
0.0730958057418232
0.154199030778832
9.84678215881757e-05
0.000780686133107115
0.000828722484161339
0.000469986547550036
0.0703046745343176
1.19933012726591e-06
0.123554306147847
3.52283621846182e-06
4.30012979014908e-06
2.37338280318512e-10
1.7665893605727e-10
0.0677135613807284
4.91360716684137e-05
0.0191964639816096
0.180250801011459
0.0653980703923735
1.07655721144154
1.13512795003318
0.209651499204035
0.971140956796271
0.263626809716837
