9.99999999997414
-9.99999934622548
-7.90883331454492
5.92170589220749
3.7821939298737
-0.815956667655512
-2.33508705675359e-05
-0.782158824181726
0.209282961588185
-0.0248397240362808
0.000670686205134207
-1.16859133077911e-10
0.100040103350839
0.0526020804873303
-0.0161659820213556
-0.0195104024206082
-8.20551729538807e-05
-0.00116316750124336
0.00170852603983064
6.6237814473295e-07
2.3823128641002e-05
9.58662470715827e-06
2.56979886676693e-06
0.000321982480411026
-5.46116311222671e-08
0.000147948574429019
-1.26965087712684e-11
-1.93109390451442e-06
-6.81723073296832e-06
-1.01981340457654e-11
2.80631770066761e-05
5.12872976554124e-08
-8.93028417023627e-07
-1.2681908876467e-06
4.42628430624045e-07
5.33261720408774e-11
-8.93312660112873e-07
7.58809544975699e-07
-6.01260121150184e-07
2.12933624685267e-07
-4.00645452511963e-10
6.62720029140526e-11
2.3022436530489e-11
1.03986793464061e-11
-9.96260009070208
6.72267900148917
-1.41614739104939
-3.53302681247484
0.487122330425714
3.22607023772137
1.28665040524753
-0.651300578642164
-0.241965216518946
0.260256828513318
-0.168060231635105
-0.155576125691233
0.0177721740997091
0.0826918902670165
0.0211821216282405
0.00754724810231399
-0.0076692821474566
-0.00308008571628989
0.00241499199615946
0.000972344198737644
0.000768808806511541
0.000710483003057351
0.000552918246910875
-0.000212145018290549
-0.000244918420698529
-0.000183107398777188
-0.000223253991227373
-0.000191592393114901
-0.000171005925346488
-6.97862305668753e-05
1.53774899326922e-05
-2.9008580179341e-05
9.61124173510811e-06
-1.40123521223945e-06
1.45910823503824e-06
-1.29128496654339e-06
5.00112413577044e-07
-1.2271522415186e-07
2.63519897849834e-07
-3.9064231035631e-07
-4.9653588912448e-08
-1.54257099779677e-10
2.19769072542218e-11
7.82688037153875e-13
0.311773678511499
0.270318709046795
0.18465985283094
0.1578166945663
0.21867854731873
0.138170594360843
1.34819032653552
0.121254960971165
0.10867240915801
0.249256031457493
0.209508097626829
0.236512701111708
0.118804068532754
0.0995234130834533
0.207583947456707
0.0916566485715381
0.382388767815336
0.0847974370848737
0.321970574517973
0.634769318830016
1.37121741581285
1.83630497458845
0.869898463663788
0.0787508500944984
1.98477946955995
0.153540011009662
1.99999999999181
1.4564146300231
1.84085246396131
1.99999999998884
0.073332925177065
0.72111848888401
1.32131634966671
1.02800388753511
0.0683271018360745
0.786879482277577
1.67378323018646
1.67682217806404
0.25494372811509
1.8918173960956
0.323271384144668
1.4504536000753
1.55513993476965
1.54568525481634
0.0301335180534085
0.0901222524482967
0.102647228376718
0.0967744775262966
0.114306245023038
0.0925748527364157
4.64234122166744e-07
0.0902909348013267
0.0834537626136453
0.131149935466614
5.33782469131041e-11
0
0.0931282635432552
0.079440343152867
0.135727420398853
0.0761074033805323
1.40549377659347e-08
0.0730958056673318
0.154199030511024
9.8467816430206e-05
0.000780686136594429
0.000828721355475587
0.000469986550542729
0.0703046739765739
1.19933135411684e-06
0.123554305632007
1.51385285570832e-10
3.46940483991443e-06
4.30012979878184e-06
5.39198648994166e-11
0.0677135610649438
4.91360717794107e-05
0.0191964639814073
0.180250801011086
0.0653980807106127
2.405907297787e-11
1.07655721144082
1.13512795003316
0.209651499047089
0.971140956796298
0.263626809702562
0.510729028999527
1.22552111639138
1.24107052564541
