9.9999999850462
-9.99999999998826
-7.90882948522831
5.92171079743483
3.7821920930769
-0.815959614864435
-3.00353835958215e-07
-0.782282791231097
0.209336480210162
-0.0248486002598024
0.000673943520794297
0.100135324106754
0.0525592895568547
-0.0161631007432532
-0.0195021121533512
-8.18810180385963e-05
-0.00115944543736548
0.0017137593503518
2.85395065759578e-06
-1.05554539957006e-06
1.97872507584263e-06
1.11173019824083e-07
0.000320668475830935
0.000148218736257513
2.80840274470418e-05
-1.06600360044638e-13
4.46345251119407e-07
-5.78253794046707e-07
-9.62544991605343e-08
3.21933306166782e-09
1.21443126748603e-08
-9.96261903609767
6.72268024099751
-1.41613846516511
-3.53301508592031
0.487128411022325
3.22608424280676
1.28665040524772
-0.650997386262402
-0.242034923685295
0.260261324581329
-0.168060231649099
0.0175119134290757
0.0827444871265974
0.021178514094007
0.00751660857806477
-0.00766928217249035
-0.00307213068567597
0.00242329489010254
0.00087493183624664
0.000748773839716587
0.000593522854293465
0.000474355719419586
-0.000212303124825688
-0.000181935651817034
1.52761459870032e-05
-4.5121976919334e-06
1.45733866429464e-06
2.46471536398277e-07
5.10359732729714e-08
-5.25269730015597e-08
-3.21589913523709e-08
0.311773242403002
0.270318882163431
0.184659949450946
0.157816682971713
0.218678305560694
0.138170621258105
1.34623054472766
0.121255267775508
0.108672927627109
0.249258780607762
0.209508057946523
0.118801088958043
0.0995252265608193
0.207579473434331
0.0916573946057294
0.382388764658951
0.0847943696167233
0.321967416955248
0.621519940564785
1.37504090675808
1.83657954865531
0.868392651857114
0.0787464325778509
0.153543812961978
0.073330481721157
0.67668695854577
0.0683256612465903
0.25495420047317
1.89293002818016
0.323318961002592
1.67682237288935
0.0301347786087838
0.0901223275440108
0.102647155163135
0.0967744687359875
0.114306699184252
0.0925748304563387
1.41142645173517e-08
0.0902914597988901
0.0834527677729389
0.131148201310784
1.0961593003053e-11
0.0931261779546249
0.0794408628881949
0.135728900271247
0.0761105351693012
3.03132700780017e-07
0.0730990157445041
0.154200961822072
3.4707287843686e-08
0.000774447903459802
0.000723111146335767
0.000472335772713964
0.0703043184959747
0.123570601016108
0.067711494059022
7.53803786290556e-12
0.0653965360098108
0.209680824078617
0.966374790658407
0.264164963249186
1.13512978248116
