9.41449478814937
-10
-4.72443430850334
3.10888035741015
3.15615812666875
-0.284345164862859
-0.193132634393289
0.016690354576598
0.00551490886251518
0.00018918968527596
-2.00521985333711e-05
-10
7.35244451432077
-3.85656164454865
1.88246284455516
-0.614046768110565
0.956075077909608
-0.106226256306764
-0.0350956239833682
0.000915004941817117
0.000572112443451932
3.29476631429114e-05
0.313807043663661
0.266628414077732
0.190085880141173
0.227649843838442
0.158562070807416
0.135517718443735
0.118094795079688
0.104740567058234
0.0942984458905738
0.0857809701124176
0.078476049601151
0.0332468312356754
0.0894823400477839
0.107163234771666
0.112364160414403
0.102817430836887
0.0980264087685087
0.092770745107155
0.087462935975851
0.0825760735259949
0.0782841306354541
0.0746804230514423
