9.99999997998494
-9.99944591318023
-7.90562654801444
5.92118344338043
3.77777021970799
-0.815961743947943
-1.02585227227353e-08
-0.782279960305914
0.20933634880862
-0.0243705438991224
0.000366365401669597
0.10013599160706
0.0525595710922818
-0.0149327655114758
-0.0195024594459895
-0.000243938742535067
-0.00115891165927808
0.00167890395076761
2.94351967895396e-06
0.000320501805252278
0.000135360974507754
3.30465690159443e-08
-8.74008852246502e-08
2.80813256530228e-05
1.58068860863746e-07
4.4778057610065e-07
-4.81509231059557e-07
1.16585891523038e-09
-9.96261903619762
6.72224999533804
-1.41807557339749
-3.53377890634544
0.490549277439533
3.22607969091875
1.28665040524773
-0.650996376597366
-0.242034836735896
0.260604185385227
-0.168060231649099
0.0175126061263088
0.0827445291086011
0.0207858586155651
0.00751619079118459
-0.00801383736903048
-0.00307196655918963
0.00258501437911654
0.000874935800302779
-0.000212185703980151
-0.000184397168399254
-0.000166075564877895
-5.73092565657202e-05
1.52456786549802e-05
-5.67003730058017e-06
1.45725039959154e-06
-3.92298660905429e-07
6.86676204101436e-09
0.311773240993633
0.270313478470159
0.184657355978249
0.157816497579466
0.218702266077445
0.138170627670152
1.34623055379377
0.121255260133572
0.108672926128143
0.249246334430714
0.209522609304133
0.118801112005391
0.0995252202575406
0.207414208141932
0.091657466406584
0.40475243139638
0.0847944599584926
0.322381498880826
0.621519942433172
0.0787458685921844
0.153392597637412
1.37531936453204
1.83270136421409
0.0733294861693335
0.86838182075929
0.068325437298921
0.262300679323671
0.351338359505455
0.0301347792708283
0.0901251181359943
0.102655153740674
0.0967736569931129
0.114300118704355
0.0925748429583907
5.93782391206395e-10
0.0902914698480782
0.0834527676145538
0.131121455605695
0
0.0931261708678682
0.0794408547478135
0.135867995624323
0.0761105321447466
0.00111107444114071
0.0730993123313182
0.15352131181832
3.27861860666285e-09
0.0703048889287882
0.123527621899797
0.000273894649674008
0.000266990046535657
0.0677110273059788
1.33851473298653e-08
0.0653957924326699
0.215139368827194
0.304912408419859
