9.87994370773264
-10
-4.83000575973414
3.1096560740716
2.00934741099198
-0.0575495204799549
0.654755935218255
-0.302021626642073
0.0278635957349475
0.00798676504012799
1.82259019961067e-06
5.59964146867675e-05
-3.90415287574092e-05
-9.52131104930692
6.65384843961485
-2.25386385587035
-1.58275301520302
1.37083157212424
1.27122875707073
-0.148638039147014
-0.115371380074018
-0.0541667810842309
0.00301928685584245
0.000847406452086289
-3.58861390755889e-05
2.92268717705409e-05
0.313213467912529
0.269592011762058
0.186600272002281
0.156944305097344
0.221718969991646
0.135128002469107
0.23601595614573
0.118587122507825
0.105649670434191
0.095212264235272
0.0865164381506635
0.4143574208541
0.0789818844294959
0.0312062245903094
0.0892009307179085
0.107585243964088
0.101415658032705
0.121268325288617
0.0963448649595997
0.129847204469584
0.091391478564187
0.0866835411829632
0.0823284467550277
0.078370203253323
0.198728942129628
0.0749334757857706
