9.99999806510175
-9.99999999958177
-7.90883047919222
5.92171009275868
3.78219369128435
-0.815955234792872
-2.43676189783072e-05
-0.782284456741577
0.209332590522838
-0.0248425105819882
0.00067060641518064
0.100141553786149
0.0525598237288058
-0.0161649465300848
-0.0195021160636314
-8.22547590684245e-05
-0.00115945509078322
0.00171039044313214
1.30420990474801e-06
2.30236985877388e-05
1.95451712570422e-06
2.00663843314126e-07
0.000320672453041194
0.00014797837171532
-3.552034002975e-09
2.80880564937926e-05
9.74240750514701e-07
4.46367427588186e-07
-5.97564212621311e-07
-1.15883340121256e-07
4.01062872318493e-08
1.48508631056531e-09
3.15615141532243e-08
-1.15601116878328e-08
7.50981211660861e-09
-9.96260014236472
6.72267914590595
-1.41614740014765
-3.53302720768969
0.48712241548449
3.22607079300057
1.28665040524754
-0.650998706063333
-0.242030800222739
0.26025750499013
-0.168060231635602
0.0175169780332466
0.0827436022003647
0.0211831972592155
0.00751662381193567
-0.00766928219305117
-0.00307215088102713
0.00241783169830726
0.000972411331497532
0.000736914242290582
0.000703430347334495
0.000563689747384817
-0.00021232026722899
-0.000183081677434038
-0.000170977616095329
1.52776637414903e-05
-2.9004890839863e-05
1.45747690526349e-06
2.61663455827557e-07
-9.86969936541821e-08
-6.66503127272034e-08
-5.01925939942772e-08
1.31704476886193e-08
-1.34144571059337e-09
-6.89844344659723e-09
0.311773479835868
0.270318884690272
0.184659869398267
0.157816679038229
0.218678524728037
0.138170619384944
1.34819033061427
0.121255268158129
0.108672880375514
0.24925607165429
0.209508099065196
0.118801257867819
0.0995252143888631
0.207583510809537
0.091657389915278
0.38238876089928
0.084794371937954
0.321970528566502
0.63476931837339
1.37121936852255
1.83630564176588
0.868034462448644
0.0787464289160776
0.153540263184847
1.84085245335077
0.073330602707477
0.721118488852522
0.0683256402466905
0.254960517207725
1.89181768412747
1.32131635374263
0.323271388821402
1.67682230274628
1.02800388757697
1.67378480290617
0.0301341128739567
0.0901223274231093
0.102647219754329
0.0967744754585092
0.114306244099856
0.0925748654527711
4.25827270057476e-07
0.0902914721580753
0.0834528143093279
0.131149788745749
3.60735147716911e-07
0.0931261169409769
0.0794408458521714
0.13572720713951
0.0761105298669021
6.61481399508755e-07
0.0730990164416183
0.154198152630181
9.9127365481787e-05
0.000749334281473738
0.00082269046510882
0.000464841151035797
0.0703042519920027
0.123555320729087
1.1969226680862e-10
0.0677113706610405
4.9133893783056e-05
0.0653965342397257
0.209685729245022
0.971140868015323
0.0191964632425513
0.263626829026527
1.13512974219488
0.180250800993102
1.07655799537198
