9.99999992926794
-9.99999999984554
-7.90882945360804
5.92171073731949
3.78219209125253
-0.815959569640374
-3.01203103796671e-07
-0.782282735965821
0.209336387392944
-0.0248486002598024
0.000673947702407914
0.100135383803862
0.0525592881008904
-0.0161631030639009
-0.0195021156564837
-8.18810180385963e-05
-0.00115943929630999
0.00171377420582739
2.85679596422099e-06
-1.05341548795809e-06
1.97868072613561e-06
1.09297188793244e-07
0.00032067001345767
0.000148218736257513
2.80842109141688e-05
-3.88154025405314e-09
4.4636900759427e-07
-5.77422258984115e-07
-9.62544991605343e-08
2.75203712699789e-09
1.24377384000276e-08
-5.28187975010547e-11
-9.96261999835293
6.72267914567288
-1.41613844318247
-3.53301490016216
0.48712841248761
3.22608428308682
1.28665040524772
-0.650997454648236
-0.24203501212736
0.260261324581329
-0.168060231649099
0.0175118554413647
0.082744484430278
0.0211785142116009
0.00751659916749565
-0.00766928217249035
-0.00307213635087109
0.00242328746199753
0.000874931836247894
0.000747663827456789
0.000593761802638358
0.00047435573614969
-0.000212302302463844
-0.000181935651817034
1.5276262506259e-05
-4.51219495926433e-06
1.45731907507429e-06
2.4720009227239e-07
5.10359732729714e-08
-5.25208598908547e-08
-3.28848745374094e-08
2.92922472137775e-10
0.31177324084116
0.270318883210453
0.184659949565362
0.15781668310586
0.218678305426974
0.138170619823757
1.34623054471375
0.121255271423374
0.108672928790353
0.249258780607762
0.209508095622133
0.118801090947702
0.0995252283617829
0.207579465823883
0.0916573949807566
0.382388764658951
0.0847943715827136
0.321967418987134
0.621519940564682
1.37509364966242
1.83657954917676
0.868392651857116
0.0787464368584317
0.153543812961978
0.073330489614387
0.67668695854955
0.0683256326260928
0.254961519654795
1.89293002818016
0.323262980601135
1.67682237288934
1.46446672567553
0.030134770417056
0.0901223290965494
0.102647155133954
0.0967744685903816
0.114306699734841
0.0925748308433533
1.48297811437429e-08
0.0902914664768821
0.08345276805515
0.131148201310784
8.97089788152957e-11
0.0931262001130025
0.0794408621781684
0.135728901983525
0.0761105334250074
3.03132700780017e-07
0.0730990165479145
0.154200962771208
3.47389035894357e-08
0.000775437454382023
0.000723307285718326
0.00047233578951573
0.0703043209894592
0.123570601016108
0.0677114787256693
2.92763431910675e-10
0.0653965447570132
0.209687750730324
0.966374790658407
0.263969260925832
1.13512978248145
1.2772701170061
