9.99999134997004
-10
-7.92009560110068
5.96947358442117
3.56287165212971
-0.763280282262512
-0.805438592775724
0.160826807208019
0.299371765746853
0.00414845617326019
-0.0103650226938066
0.00241133641763194
-0.000243855695964632
0.00022683547890786
9.09731430108359e-05
5.55544143004629e-06
-8.02578350070097e-09
-9.97930996032236
6.72094525471046
-1.43741144328322
-3.46251823810742
0.387723327095517
3.32536559786782
-0.87690810785443
0.340978827249233
-0.0963015719164122
0.0645200039670223
0.000181676680998994
0.000532097491797643
-0.00124785526738491
-0.000134545225167367
-6.51583216030816e-05
1.27745496177514e-06
-7.23629919591436e-10
0.31173829450828
0.270309394516676
0.184687216202011
0.157972695001375
0.216997574204588
0.137911225176685
0.122344842244191
0.243146724669363
0.109906541117962
0.0997306075202674
0.0912197711567321
0.313310108440497
0.083953453699193
0.211672978214596
0.077600602891949
0.0718480054179566
0.239674878293816
0.0301031763185528
0.0901370487676323
0.102644419198926
0.0967982346116827
0.113985242952513
0.0925026676280261
0.0884685382268493
0.130601008565571
0.0845871959559392
0.0808958705243061
0.077428332417658
0.161155093194486
0.0741957494413286
0.160335293882192
0.0712132345006202
0.0685722939700205
0.233045298800374
