9.99999999995588
-9.99999505926084
-7.920211267366
5.96945176367629
3.56293897946746
-0.763306866044274
-0.805404739361687
0.16083178100428
0.299394914191144
0.00415247200645992
-0.0103708942440368
0.00242961191707322
-0.00024391863685162
0.000231410003080862
9.12088152215217e-05
5.55735927052058e-06
-9.97946837056853
6.72101970414555
-1.43711228926685
-3.46245669326123
0.387030069020684
3.32540119818802
-0.876870201606672
0.341489621304979
-0.0963093947628833
0.0645016856535446
0.000192346957263031
0.000537093218675417
-0.00125046307724695
-0.000136343915999957
-6.50781665202491e-05
1.29098060954411e-06
0.311738540367748
0.270308091008835
0.184687243596485
0.157972549242545
0.216993999601949
0.137911483159549
0.122344481267053
0.243163334710551
0.109907052475325
0.0997295498727459
0.0912190960444195
0.313196225198467
0.0839564971359529
0.211679108017023
0.0776030656226463
0.071849975487801
0.0301039375863414
0.0901354001794029
0.102643529427355
0.0967985266256013
0.113985814853216
0.0925024683977031
0.0884688219553771
0.130589467331443
0.0845868361440765
0.0808967181048673
0.0774255376344519
0.161050932048173
0.0741942409244191
0.160309155200186
0.0712141498851818
0.068573524671847
