9.99999249014095
-9.99999999972063
-7.90642502567377
5.92290825767368
3.77827614244395
-0.816274258751637
-0.760724572153948
0.211834803427988
-0.0243430594273021
8.90540847099084e-06
0.0514125061616628
0.0765345594687968
-0.0146922115919649
-0.019276437851879
-0.0011664742843926
0.00146696756733109
3.26355097832364e-06
0.000320613356390061
0.000110401310751534
2.80128529903172e-05
4.35498250541341e-07
-5.59021810826029e-10
-3.30827538874105e-07
-9.96209127177374
6.72176302916004
-1.41770468302873
-3.53229447631641
0.486777768449522
3.22651904231293
-0.671314492569169
-0.23805312546413
0.260572680545098
-0.168060231650244
0.0820141555500538
0.0336713990021485
0.0201457203154661
0.00747687614982265
-0.00305452036600096
0.00276489844389493
0.000467502217919763
-0.000212219465472521
-0.000194957700524671
1.5392541763301e-05
1.45919422760063e-06
-8.07406275729306e-07
-2.28242012567317e-07
0.311768604421619
0.270304004654314
0.184655358544407
0.157819499580769
0.218682604061493
0.138171549174284
0.121222817223176
0.10869543578473
0.249244462994669
0.176050530109581
0.0995134794776067
0.118925223829232
0.207385226068911
0.0916397778309261
0.0847867975472449
0.323366113984691
0.617480417679047
0.0787473519481472
0.153080686795347
0.0733333008322497
0.0683286424279789
1.99999999997081
0.259566507865325
0.0301071399817024
0.0901380646910752
0.10265242365951
0.0967753101388759
0.114288975076395
0.0925746176160191
0.090182272232435
0.0834930016600262
0.131121986421125
0
0.0794706853542477
0.0934471147026748
0.135984976835665
0.0761191728121839
0.0730969724069458
0.153172448708072
4.63352666017508e-06
0.0703041559065061
0.123409281003674
0.0677149720039113
0.0654018192526865
4.38965870516239e-08
0.217964810545626
