10
-9.99999999845437
-7.90339381650468
5.97025696055046
3.41743952434174
-0.76439328780084
-0.80513344137992
0.289597102926347
0.299263868008277
0.0041853593039255
-0.0103587005629311
0.00267957345265928
-0.000244106904586348
9.0371406192545e-05
5.54483427056961e-06
-9.97946674062725
6.82815260422216
-1.39037175083672
-3.46133656343431
0.222971968430844
3.32469951807247
-0.876529355982359
0.366406457603406
-0.0963960565024106
0.0644887188337478
0.000187287525117512
-0.00494740950129033
-0.00124467935966633
-6.51869818995272e-05
1.23607387275315e-06
0.311738690546147
0.270191483398361
0.18465109581973
0.157974127887847
0.215954845044135
0.137913123913443
0.122343300153887
0.238975741181934
0.109905569295373
0.0997288032497828
0.0912189048971758
0.295816890018978
0.0839501469039922
0.0775937344786398
0.0718416494576018
0.0301060180399271
0.0904175267062973
0.102613547627166
0.0967987002761208
0.113895722085453
0.0925043175171866
0.088469870697419
0.12886812351487
0.0845870881195967
0.0808957459708867
0.0774285805192846
0.158696582708087
0.0741979917545551
0.0712132762944364
0.0685683888082213
