-8.59793084704185
8.14841664966206
-0.36152520241556
1.79090633179494
-0.193826913853733
-0.216668356132648
-0.0740956200854136
0.00405123380596015
0.000676594407946441
10
-9.88523787305546
-4.4534828480165
0.131531143743924
0.446390810968882
-0.241824858721897
-0.0448056553911754
-0.00938332739159681
-2.17994914991455e-05
0.260880661519635
0.317093885979972
0.196010767678842
0.158364027739655
0.134138053176417
0.207578635595209
0.116239506338033
0.102352604077688
0.0910388695558393
0.0937393846027774
0.0370260508314455
0.115946283835741
0.107360123730604
0.101193189166727
0.134108034681871
0.0953328424279551
0.089884150601947
0.0851441660745484
