5.90285009641653
-5.80532977623306
-0.864455528471908
1.55463685067443
-0.245024611274526
-0.0476478711163154
0.00440614689367504
0.00056277919535328
-10
10
-5.3507559165091
0.638935867775542
0.296835970969119
-0.0451763950391422
-0.0066432423167023
9.44774565324709e-05
0.320911717221818
0.256442476029746
0.198847772276813
0.160341079698986
0.134486680681418
0.116076152722548
0.102158442592351
0.0910232025636528
0.0436515417777722
0.0986106956134171
0.11169133064139
0.109141713092797
0.102957174561232
0.0964907713567962
0.0905828146760587
0.0855878066430089
