9.99999812121874
-9.9999999706169
-7.90883049923227
5.92171001202469
3.78219371334376
-0.81595522734256
-2.43176843019915e-05
-0.782284426659835
0.20933243088428
-0.0248424550792602
0.00067068609562683
0.100141641929215
0.052559721844692
-0.0161649427736958
-0.0195020944644883
-8.22139220061661e-05
-0.00115958343917696
0.0017105180030318
1.06271635432257e-06
2.30093692655029e-05
2.04713285880541e-06
4.31521789584578e-07
0.000320744268243957
-1.14491993168655e-14
0.000147975050115093
9.61160582036024e-08
2.80849360417914e-05
9.84946613877373e-07
4.46058433690946e-07
-5.97660382397192e-07
-3.69555411578776e-07
2.40279533574519e-08
-1.36424189423108e-07
1.89173239476017e-08
5.12050299673694e-08
9.98074035290479e-10
-9.9626001712432
6.72267892815379
-1.41614745054723
-3.53302729440768
0.487122385847667
3.22607062376632
1.28665040524758
-0.650998990826025
-0.242030915545299
0.260257493128598
-0.168060231635105
0.01751672174542
0.0827437546033162
0.0211832861229147
0.00751747297625229
-0.00766928219323117
-0.00307265342259009
0.00241724036835631
0.00097241128870541
0.000736918624503318
0.000703397243494331
0.000552911614713925
-0.00021226112018914
-0.000244921305949495
-0.000183112023489034
-0.000170977616095402
1.52815194608405e-05
-2.90050936747609e-05
1.45781287960275e-06
2.61236046262803e-07
-6.69948071654836e-08
-2.45901383494872e-07
-1.14595504179462e-07
1.4098410296823e-07
-1.02960899859097e-07
-5.04697024827587e-08
0.311773514348059
0.270318892316209
0.184659869978494
0.157816677045938
0.218678519669574
0.138170619438606
1.34819033078135
0.121255281528952
0.108672868808473
0.249256024514603
0.209508097630303
0.118801289080086
0.0995252292666298
0.207583540299273
0.0916573043519043
0.382388760876974
0.0847946200859135
0.321970599849725
0.634769318366781
1.37121936852653
1.83630564172145
0.869898463637255
0.078746670187336
1.98477947194006
0.153540070292228
1.84085245335079
0.073330655266989
0.721118488856563
0.0683259316378975
0.254960504269006
1.02800388757654
1.32131635374183
1.89181768417073
1.67378480290616
1.67682230274639
0.323271388789556
0.0301340685205285
0.0901223050579373
0.10264721944964
0.096774474977796
0.114306239848417
0.0925748687864095
5.50586719770269e-07
0.0902914657598374
0.0834528065530018
0.131149865609147
1.07119919402376e-10
0.0931261026543042
0.0794408651893078
0.135727157067878
0.0761104409589522
6.63565616546689e-07
0.0730988328798505
0.154198072044582
9.9126945693559e-05
0.00074933859570979
0.000822662159904907
0.000469978747659854
0.070304471353311
1.77224697044149e-10
0.123555006931124
1.81717768141171e-10
0.0677114767112378
4.91340135217179e-05
0.065396586122426
0.209685701791251
0.180250800993793
0.0191964632439776
0.971140867952872
1.0765579953718
1.13512974219508
0.263626827331464
