9.9999999850462
-9.99941478870301
-7.90527408841731
5.92112297351033
3.77743022966519
-0.815960645043633
-2.69582786584463e-07
-0.782279949461355
0.209336356145101
-0.0248486002247951
0.000673943417585437
0.100135324289487
0.0525592896834127
-0.0149430298646243
-0.0195020540065507
-8.18386360361309e-05
-0.00115938980587439
0.00171375910021996
2.85425781642097e-06
-1.08673636727923e-06
1.97935899573626e-06
1.10988061719638e-07
0.000320656754010149
0.000135398231098233
2.8080877615684e-05
4.4621035223337e-07
-5.78588876775103e-07
-9.60052416092949e-08
3.27260038581444e-09
1.20282883354047e-08
-9.96261903609767
6.72227298570501
-1.41815911881008
-3.53373690326009
0.490709608908308
3.22608411530855
1.28665040524772
-0.650996425827039
-0.242034843823938
0.260261324494131
-0.168060231649099
0.0175119137325882
0.0827444867824123
0.0208013172349701
0.00751634809239273
-0.00766928217006143
-0.00307191411500371
0.00242329513201419
0.00087493183624662
0.000747207120925
0.000593522851170465
0.000474191595221981
-0.000212332283062985
-0.000183784855855369
1.52796664893032e-05
1.4566769544998e-06
2.45417573799741e-07
5.11117004225743e-08
-5.25537155782231e-08
-3.21210652205079e-08
0.311773242403002
0.270319745166402
0.184657318580783
0.157816451913979
0.218702456586238
0.138170626708162
1.34623054464685
0.121255261951595
0.108672926352105
0.249258780091463
0.209508057948803
0.118801088917427
0.099525226545293
0.207417645000265
0.0916574223231822
0.382388767298277
0.0847942489773359
0.321967416895408
0.621519940564787
1.37495019628999
1.83657954865531
0.868392621972514
0.0787464219524028
0.153392608714748
0.0733305991243277
0.0683253609100481
0.254973630545184
1.89293002818016
0.323319045326893
1.67682237288935
0.0301347786087838
0.0901225243904913
0.102655593768065
0.0967736893456597
0.114301870146551
0.0925748304895413
1.35686486997258e-08
0.0902914695322843
0.0834527678734281
0.131148201282111
5.47381287649629e-11
0.0931261778658716
0.0794408628836475
0.135863741229552
0.0761105562903155
4.51284405197722e-08
0.0730991038013512
0.154200961817891
3.47067825879695e-08
0.000776638748020968
0.000723111143772425
0.000472170892742794
0.0703041778971417
0.12353770792969
0.0677116959349274
0.0653967016723656
0.209692351559026
0.966374790658408
0.264169574608307
1.13512978248117
