9.99999999950987
-9.99999999921513
-7.90882928298948
5.92195045753068
3.7818544475135
-0.815916686901013
-7.43422269010762e-05
-0.783139250462118
0.209182775771149
-0.00136378945388322
-0.0237784345488034
0.000673823565694302
0.00100115438926067
0.100732244668358
0.0526271506992262
-0.0164153542258376
-0.0195087512008979
-0.000143974647356592
-0.00116494512232147
0.00175184030795254
4.58479997062246e-05
4.95592091727735e-06
0.000434217562662473
2.66825633122642e-05
0.000187554309787688
-0.000478799110198085
-0.000413148677828253
0.000326821138339452
4.86655339744236e-05
0.00012366651497761
0.000113010033183864
0.00011084740225188
4.85146654457064e-05
-1.19858686353422e-05
0.000101698765546575
-5.01677268462486e-05
-0.000176892498692003
-0.00015736797342236
0.000132895037867655
5.33679233934061e-05
6.2528727901379e-05
2.80985890234457e-05
9.00230897468062e-06
-1.38383443694418e-06
-1.22676044856756e-05
-1.62030072939533e-07
3.87542316479175e-07
-6.70796118603607e-07
-9.52052799711628e-09
-9.96260008897734
6.72307419484053
-1.41626239614917
-3.53214174080536
0.486427058419005
3.22764316946902
1.28665040546498
-0.650688441050404
-0.242025729888715
0.262215370791073
0.260402891146879
-0.168060231609041
-0.155576124885003
0.0163555611539276
0.0826692699160086
0.0212874053629644
0.00754591872878533
-0.00766928211536696
-0.00308921032769909
0.00234775724824063
0.00160876755265369
0.00096730965276207
0.000858233671722726
0.000685431776779343
-0.000551112505145697
-0.000244917372861829
-0.000116791894721689
-0.000212192268039126
-0.000348769127362533
-0.000182860175109297
-0.000168311567054055
0.000165536353641749
-0.00019155394762062
0.000195337062822138
0.000151915773660563
-0.000170993445894588
-1.92896597347066e-05
-1.65308819336902e-05
7.47475604245851e-06
6.81652036049474e-05
1.88443220087417e-05
1.62664449484608e-05
-2.81806496263349e-05
-1.61165434426962e-05
3.71088370722761e-06
-3.57212172343029e-06
1.48904766618425e-06
2.6242595007349e-07
-5.73824953214837e-08
0.311773710278026
0.270319665090337
0.184660056395412
0.157817911776886
0.21867203791862
0.138169740211233
1.34813196607132
0.121263841082846
0.108671223096267
0.133553588968349
0.249187489214074
0.209508103148978
0.236329125167316
0.118797863701484
0.0995231775372585
0.207637826004516
0.0916562169985567
0.382394476884097
0.0848002631051035
0.321813464049298
1.83855817621322
0.634773711507036
1.3712151417657
0.866317314977797
1.40482336147138
1.9847795466548
1.11049071951687
0.0787672624039032
1.89181976431479
0.15322649563861
1.45044659346126
1.32139378449809
1.45641461033686
0.720777931645197
1.67682177417916
1.84085244278164
1.99999994068318
1.55515309074061
1.56611906713902
1.02798663530486
1.75744921798868
0.0733609749836107
0.786862199991158
1.75516892501753
1.67378326199319
1.70181429616199
0.0683527804065309
0.254897612108999
0.32213995613064
0.0301332656971489
0.090125935878878
0.102647170330809
0.0967764391829457
0.114305781698372
0.0925712707042951
2.39206774136405e-05
0.0902930462178982
0.0834533596839648
8.96822976199876e-05
0.131154480254006
1.7393155944456e-06
1.59963314255997e-10
0.0931155363807314
0.0794399278821602
0.135675844203658
0.0761074567458431
4.3819650425477e-08
0.0730917869277336
0.154524783454876
0.000434866263118229
1.16050013607878e-05
0.000868893747863913
0.000255118048680681
1.26038673267534e-09
9.58816709094765e-07
3.6268159346289e-06
0.0703002945592104
0.971142642413033
0.123585637397069
0.510716642234327
0.0190773443514339
1.15779489383948e-06
0.000207828079173903
1.13512778528764
3.78263901474803e-06
0.676968814908778
1.22552178087951
1.24387648502743
0.180228208230971
0.153575861856186
0.0677235741630779
2.81499294757076e-05
1.04345864266362
1.07655713284464
0.105121442433265
0.0654219006978605
0.209173164934179
0.26268212639006
