9.9999999806799
-9.9999999935331
-7.92009409452532
5.96947541930226
3.56279720266616
-0.763276417831255
-0.8054411476289
0.16088170560547
0.299378709875439
0.00413810826689901
-0.0103630469618357
0.0024190820552474
-0.000242532707993159
0.000225658946265499
9.07370802217776e-05
3.25385329739697e-08
5.55099234933986e-06
-1.90350240089325e-09
-9.97919432583398
6.72094677908481
-1.43738688633172
-3.46252106456445
0.387765584575447
3.32536647353861
-0.876907408302983
0.341005330643181
-0.0963007888405408
0.0645296243917411
0.000171707777384315
0.000583582730033382
-0.0012456653519978
-0.000136827081423115
-6.51363287264879e-05
2.20798832242527e-05
1.27441289478869e-06
-5.18840545775884e-09
0.311738022017613
0.270309624581267
0.184687181480701
0.157972703514312
0.216997429276376
0.137911218607759
0.122344829814957
0.243144433837473
0.109906570615797
0.0997312001699907
0.0912211757762023
0.31367916541913
0.0839516396396161
0.211627530540044
0.0775980261675901
1.4961340285391
0.0718473559141328
0.244315660111237
0.0301056469302979
0.0901370941345302
0.102644416927613
0.0967982314784274
0.113985439043033
0.0925026636478456
0.0884685284701163
0.130601313550522
0.0845871531078014
0.0808956102672581
0.0774301388715802
0.161013072686446
0.0741986279727887
0.160282317278271
0.0712130661374861
0.000494612374973696
0.0685726376149076
0.2402234726257
