9.99999999995444
-9.99999934609042
-7.90883331503864
5.92170589178089
3.7821939298737
-0.815956667796136
-2.33508667840879e-05
-0.782158823822127
0.209282961452066
1.67255498707842e-09
-0.0248397243606423
0.000670686159424897
-6.22460434129923e-10
0.100040103863147
0.0526020808199249
-0.0161659827417404
-0.0195104023829727
-8.20552353333565e-05
-0.00116316780150149
0.00170852580361924
6.62343841471155e-07
2.38231684566258e-05
9.58661756191045e-06
2.56978131279277e-06
2.85032089131887e-12
0.000321982644867869
-5.47259292255904e-08
0.000147948766869231
-1.93107769767739e-06
-6.81724238076118e-06
2.8063229984178e-05
5.13237115449794e-08
-8.9309482693571e-07
-1.26818295047163e-06
4.42596485237018e-07
5.89168091089044e-11
-8.93605577599398e-07
7.58568603461907e-07
-6.0126078666392e-07
2.1338745228846e-07
-4.02480107520412e-10
6.10144787776905e-11
1.18117232084607e-10
8.27989929493789e-11
3.71563341322909e-11
-1.43431893015962e-11
-9.96260009070216
6.72267900162742
-1.41614739127048
-3.53302681279821
0.487122330425714
3.22607023758663
1.28665040524753
-0.651300578889259
-0.241965216926626
-0.314394233498667
0.260256828334528
-0.168060231635105
-0.155576125691233
0.0177721737209258
0.0826918904137444
0.0211821218212939
0.00754724851800285
-0.00766928214745657
-0.00308008595809181
0.00241499176593047
0.00097234419837741
0.000768808810014346
0.00071048300309964
0.000552918247058416
-0.0005511125051594
-0.000212145131540318
-0.000244918408796324
-0.000183107509653245
-0.000191592393113694
-0.000171005925325951
1.53775501522063e-05
-2.9008580370014e-05
9.61336565822833e-06
-1.40128492906089e-06
1.45912417817754e-06
-1.29128496654335e-06
5.00280537000869e-07
-1.22995432671188e-07
2.63512786660455e-07
-3.90554034065814e-07
-4.96514738705287e-08
-2.51196437587807e-10
1.19023745383061e-10
-9.23749561119554e-12
5.31424127338841e-11
3.72041067038606e-11
0.311773678525178
0.270318709033324
0.184659852823163
0.157816694558021
0.21867854731873
0.138170594354136
1.34819032653557
0.121254960973932
0.108672409156693
0.143943064678781
0.249256031623194
0.209508097625691
0.236512701111708
0.118804068506566
0.0995234130881356
0.207583947932345
0.0916566485212571
0.382388767815492
0.0847974371088032
0.321970576862997
0.634769318830016
1.37121741581272
1.83630497458845
0.869898463663787
1.4048237859148
0.0787508505124378
1.98477946956057
0.153540010941269
1.4564146300231
1.84085246396134
0.0733329260405787
0.72111848888401
1.32131635980444
1.02800388753511
0.0683271227412841
0.786879482277577
1.67378323018643
1.67682217806435
0.254943728096938
1.8918173960956
0.323271384141631
1.4504536000753
1.54568525481634
1.55513993476965
2
1.70181429613064
0.030133518018563
0.0901222524370938
0.102647228365464
0.0967744775227087
0.114306245023038
0.0925748527377936
4.64227256579767e-07
0.0902909348203465
0.0834537626109783
0
0.131149935442481
1.02873031249134e-10
2.81636642987867e-10
0.0931282635703968
0.0794403431419113
0.135727419781904
0.0761074033559955
1.40403540749604e-08
0.0730958054843802
0.154199029268898
9.84678128729778e-05
0.000780686140043198
0.000828721355511844
0.000469986550716303
7.38374615681443e-10
0.0703046732808528
1.19689964781201e-06
0.123554305074171
3.46940477325609e-06
4.30012898209807e-06
0.0677135590483941
4.9136071891979e-05
0.0191964630577958
0.180250801011086
0.0653981064988218
2.40580776847374e-11
1.07655721144075
1.13512795003334
0.209651498998183
0.971140956796299
0.263626809693039
0.510729028999527
1.24107052564541
1.22552111639138
0.676968922010029
0.105121442375597
