9.80791911316748
-10
-4.83000368216787
3.10847137030786
2.6120735631113
-0.119685428690397
0.150001107860677
-0.25732371419849
0.0225102866693156
0.00587558308514399
0.000174911273171054
-1.7314926800211e-05
-10
6.65384889549224
-2.2538661626744
-1.50727998282048
1.59022375144503
1.21076814284128
-0.335403936215894
-0.119617914230551
-0.0416560726811953
0.00146219808310083
0.000571317658305288
3.27842624322719e-05
0.312417209132397
0.269592580287936
0.186600618065989
0.157084922325442
0.223927345273481
0.135302811801292
0.232277301197793
0.118545024148731
0.105231732978075
0.0945121657079
0.085771328738068
0.0783803795434054
0.0313816636049672
0.0892004124469849
0.107585166982735
0.101482994679951
0.120708102815859
0.0966606158253677
0.134754007231429
0.0919447659119552
0.087247679775568
0.08263531988393
0.078337688498176
0.0746447499336751
