8.93415471371769
-9.03131180299524
-4.15707992773106
2.86988543856096
2.21814151355365
-0.160765833808932
-0.190554008295028
0.0141579139958692
0.00330243722548975
6.68921167378231e-05
-10
8.65708035187843
-3.39512343391667
-0.85413225739261
0.68291359713166
0.944904450005455
-0.0869855477374726
-0.0289482706174123
0.000707601970980499
0.000188182419817752
0.315127489840983
0.264224516308474
0.189359351377718
0.157689119991951
0.224590333574698
0.13496273205925
0.117886783009611
0.104522613926355
0.0936717560890743
0.0844769672047486
0.0347989418508339
0.0918610821685517
0.108549601009322
0.102986522124356
0.117082987978247
0.0978362363661856
0.0927428894307751
0.0878964816184621
0.0834137134866125
0.0794838164791209
