9.99978493751661
-9.99944586869172
-7.90564762724895
5.92118227969469
3.77781979293884
-0.81596171343442
-1.1711156593397e-08
-0.782276833848111
0.209338227926148
-0.0243705407347378
0.000366349676127462
0.10013019373834
0.0525599015282958
-0.0149323761420157
-0.0195025923967041
-7.50316888769951e-05
-0.00115898128888096
0.00169840850168456
2.90729081623976e-06
0.000320484674383885
0.000134834693041689
1.66314277891914e-08
1.65805379072072e-07
-8.79149197550282e-08
2.80880019765784e-05
4.48320417212411e-07
-3.84079702344435e-07
-9.96097495040386
6.72224994328135
-1.41807974321346
-3.5337725524822
0.490532221916949
3.22607969645138
1.28665040524445
-0.651001998773945
-0.242034807785094
0.260604182496399
-0.168060231649099
0.017517758835344
0.082743768309566
0.0207860230826491
0.00751703611129286
-0.00795329331675424
-0.00307215310831521
0.00258876613873786
0.000874924298879471
-0.000212190196940044
-0.00018404605640416
-0.000216720969192624
-0.000103542933439486
-5.56944544963913e-05
1.523986797668e-05
1.45775053950374e-06
-3.36491892642577e-07
0.311775143705798
0.270313491345633
0.184657414797557
0.157816501970964
0.218702119836345
0.138170629620053
1.36315467578168
0.121255234625702
0.108672950398823
0.249246603563199
0.20952581923085
0.118801109006666
0.0995251898949797
0.207414035698779
0.091657429091377
0.404729281559975
0.0847945596425834
0.322316320472053
0.623720550382343
0.0787457646386325
0.153383161795834
1.37915012387138
0.86838439763099
1.8327020158059
0.0733293851423475
0.068325599271674
0.261338728939547
0.0301368685238423
0.090125122146988
0.102655139670749
0.0967736643784393
0.114299879945737
0.0925748425520511
0
0.0902914341889634
0.0834527734600034
0.131121583921229
1.19755388012397e-10
0.0931262410475674
0.079440862360367
0.135867251442294
0.0761104428903009
0.000513499194171362
0.0730992673127501
0.15343405713103
0
0.0703049099467358
0.123533249055478
0.000227096951529523
0.000103179144583415
0.000266690382775924
0.0677107015998076
0.0653953857101932
0.21690491539062
