9.99999812127604
-9.9999999705516
-7.90883049932627
5.92171001191427
3.78219371336624
-0.815955227338343
-2.43176981474429e-05
-0.782284426593559
0.209332430724846
-0.0248424549276377
0.000670686112388255
0.100141642011785
0.0525597217966625
-0.0161649428124522
-0.0195020943824195
-8.221384939879e-05
-0.00115958363394105
0.00171051809031627
1.06249725886909e-06
2.30093533375345e-05
2.04719587559732e-06
4.31852025638671e-07
0.00032074440887188
1.55763052682843e-10
0.000147975016125389
-3.90641756625007e-12
9.60963286693375e-08
2.80849283151508e-05
9.84835765818426e-07
4.46056468761028e-07
-5.97663295666113e-07
-3.698795239458e-07
2.40227383848254e-08
-1.3642564883021e-07
1.89034451935439e-08
5.12266096756224e-08
9.98574344783392e-10
-9.96260017124211
6.7226789281498
-1.41614745068153
-3.53302729461743
0.48712238580535
3.2260706235017
1.28665040524758
-0.650998991183132
-0.242030915930144
0.26025749307692
-0.168060231635105
0.0175167213326897
0.0827437546626747
0.0211832863303041
0.00751747418396508
-0.00766928219322594
-0.00307265405612846
0.00241723936359627
0.000972411287137193
0.000736918624413845
0.00070339724271116
0.000552911616198409
-0.000212261015619879
-0.000244921305949495
-0.00018311204344415
-0.000191561714780584
-0.000170977616095402
1.5281530934998e-05
-2.90050943320831e-05
1.45781405476917e-06
2.61231789526023e-07
-6.70779359394689e-08
-2.46193568558083e-07
-1.14566979113406e-07
1.4108772188739e-07
-1.0304934512622e-07
-5.04691055996585e-08
0.311773514391064
0.27031889232817
0.184659869977715
0.157816677047015
0.218678519672881
0.138170619438149
1.34819033078135
0.121255281541055
0.108672868792348
0.249256024352017
0.209508097629717
0.118801289098045
0.0995252292956491
0.207583540317495
0.0916573042658795
0.382388760877621
0.0847946203398276
0.321970599955333
0.634769318366778
1.3712193685265
1.83630564172145
0.869898463637268
0.078746670638146
1.98477947194006
0.153540070142604
1.4564146240186
1.84085245335079
0.0733306552678633
0.721118488856576
0.0683259324007789
0.254960504216539
1.02800388757654
1.32131635374183
1.89181768417073
1.67378480290616
1.67682230274639
0.323271388789392
0.0301340684503472
0.090122305038444
0.102647219453514
0.0967744749779594
0.114306239836959
0.0925748687882048
5.50702834494601e-07
0.0902914657569842
0.083452806548895
0.131149865636523
1.04640993055545e-10
0.0931261026506068
0.079440865226236
0.135727157028191
0.0761104408114363
6.63505220751245e-07
0.0730988325545364
0.154198071899823
9.91269303097095e-05
0.000749338595620689
0.000822662159235271
0.000469978749406356
0.0703044717118381
1.77040951015525e-10
0.123555006452284
1.34426213618192e-10
1.81775205813579e-10
0.0677114768529582
4.91340139097536e-05
0.0653965864642057
0.209685701680077
0.180250800993796
0.0191964632439812
0.971140867952872
1.0765579953718
1.13512974219508
0.26362682732695
