9.99999806476873
-9.99999999974618
-7.90883047917239
5.92171009278947
3.78219369076675
-0.81595523543208
-2.43720448688363e-05
-0.782284457775155
0.209332593322131
-0.0248425112417623
0.000670605815608568
0.10014155239853
0.0525598267173561
-0.0161649472407283
-0.0195021151339701
-8.22558548279358e-05
-0.00115945383996032
0.0017103855256847
-3.01557748991991e-09
1.31630670696559e-06
2.30186150468777e-05
1.96527496520137e-06
1.88203707837118e-07
0.000320671246038418
0.000147978052784374
2.80879953395333e-05
9.73242083825898e-07
4.46373744438435e-07
-5.97580331581767e-07
-1.17469187350865e-07
3.55518727091036e-08
1.46395622437855e-09
3.45724198370721e-08
4.31533124339681e-09
-9.96260014235903
6.7226791459862
-1.41614739901323
-3.53302720647822
0.487122416362767
3.22607079503831
1.28665040524754
-0.650998702939722
-0.242030800907104
0.260257505282352
-0.168060231635607
0.0175169806985259
0.082743597007128
0.0211831960702694
0.00751661154935214
-0.00766928219304422
-0.00307214103851217
0.00241783369130295
0.00172190671772328
0.000972411341044819
0.000738087403320164
0.000707918025630313
0.000563689709491957
-0.000212320849076513
-0.000183081038571761
1.52775330604794e-05
-2.90048832953721e-05
1.45746016903082e-06
2.61597569753706e-07
-9.57512993734429e-08
-6.66366919762258e-08
-5.01620316771116e-08
1.00101230908582e-08
-4.11369383538987e-09
0.311773479059667
0.270318884431188
0.184659869401485
0.157816679096059
0.218678524901619
0.138170619397995
1.3481903306141
0.121255267942936
0.108672880496348
0.24925607242481
0.209508099074495
0.118801257398872
0.0995252139880768
0.207583507178239
0.0916573915827456
0.382388760900145
0.0847943665462985
0.321970527414576
1.11314607001221
0.634769318373582
1.37114109603851
1.83609139451916
0.868034462448324
0.0787464250680775
0.153540264315883
0.0733305986759368
0.721118488852374
0.0683256355412297
0.254960517265129
1.89181768412749
1.32131635374263
0.323271388823133
1.67682230274629
1.67378480290617
0.0301341134255026
0.0901223278652537
0.102647219767598
0.0967744754773879
0.114306244458097
0.0925748653762589
4.26591184729383e-07
0.0902914721737911
0.0834528143510393
0.131149784935046
3.63080236891338e-07
0.0931261168448105
0.0794408457184847
0.135727209247233
0.0761105312906583
6.61400720684901e-07
0.073099018727484
0.154198152593198
0
9.91274591384071e-05
0.000747018713855015
0.00081838859592895
0.000464841105083781
0.0703042509188515
0.123555323611606
0.0677113735229206
4.91338893293434e-05
0.0653965381234871
0.209685729378602
0.971140868015329
0.019196463242551
0.263626829046465
1.13512974219488
1.07655799537198
