9.9999999918738
-9.99999999837049
-7.90642375865957
5.92290855289059
3.77827533072627
-0.816274402424326
-0.760726149356142
0.211835474718102
-0.0243418008991851
0.0514118016839512
0.0765316021630947
-0.014690757673772
-0.0192758361627656
-0.00116629499117173
0.00146895142053219
3.31945193052541e-06
0.000320530190613383
0.00011032127280886
2.80037034608857e-05
-3.77653284621934e-10
4.36150287346351e-07
-3.29058039701437e-07
-9.96208995310696
6.72176263263189
-1.41770241497527
-3.53229444544446
0.486778543469037
3.2265226405628
-0.671315619172631
-0.238054715100214
0.260570925609636
0.0820137045549945
0.0336705598930112
0.0201453078916009
0.00747654929739631
-0.00305423654337718
0.00275969150207109
0.000467490547244341
-0.000212174391083603
-0.00019480271449059
1.53798259820719e-05
-9.26904372366977e-06
1.45828263898321e-06
-2.25840360184468e-07
0.311768591805204
0.270304166370693
0.184655354192432
0.157819514336789
0.218682596279126
0.138171538986959
0.121222825284826
0.108695445640688
0.249243541314762
0.0995134787433074
0.118925207364958
0.207385609466744
0.0916397579229201
0.0847867295425609
0.323353102011486
0.614921106046166
0.0787471183692295
0.153079928882518
0.0733327740595926
2
0.0683280617102901
0.259468168724202
0.030107098085272
0.0901381090653162
0.102652456941601
0.0967753020091628
0.114288807565738
0.0925746097338069
0.0901822496607886
0.0834929824925491
0.131122308762866
0.0794707144882555
0.0934471646914422
0.135984726775119
0.0761192196713497
0.07309711852532
0.153194804260058
0
0.0703043559568604
0.123410742051882
0.067715096537369
0
0.0654016222493961
0.218038043776284
