9.99999999997461
-9.99999934621541
-7.90883331465978
5.92170589216188
3.7821939298737
-0.815956667682515
-2.33508707169773e-05
-0.782158824083429
0.209282961501245
-0.0248397240310233
0.00067068623701086
-9.85217936619748e-11
0.100040103532991
0.0526020805755923
-0.0161659822285281
-0.0195104023915651
-8.20551610903356e-05
-0.00116316772915159
0.0017085260336999
6.6235835137151e-07
2.38231383582635e-05
9.58662470715827e-06
2.56978435194589e-06
0.000321982582030225
-5.47259292255904e-08
0.000147948686310353
-1.93108915954021e-06
-6.81721750704435e-06
-3.15400146524159e-11
2.80632086736254e-05
5.13237115449794e-08
-8.93026676803792e-07
-1.26818295047163e-06
4.42616332154772e-07
8.1618136477312e-11
-8.93312660112873e-07
7.58706278312517e-07
-6.01262711227231e-07
2.12987394353416e-07
-4.00906967367298e-10
8.97637883315032e-11
6.34753621674899e-11
3.71563341322909e-11
1.6394919950793e-11
7.42528004870178e-12
-9.96260009070142
6.72267900149429
-1.41614739099503
-3.53302681249245
0.487122330425714
3.22607023782879
1.28665040524753
-0.65130057879498
-0.241965216650553
0.260256828518375
-0.168060231635105
-0.155576125691233
0.0177721739776605
0.0826918903041941
0.0211821218108758
0.00754724828069285
-0.00766928214745659
-0.00308008585070473
0.00241499177613813
0.000972344198485528
0.000768808809043807
0.000710483003057351
0.000552918247041874
-0.000212145126900095
-0.000244918408796324
-0.00018310742270105
-0.000191592393114777
-0.00017100592533732
-6.97862305668753e-05
1.53775265539331e-05
-2.9008580370014e-05
9.61123739401457e-06
-1.40128492906089e-06
1.45911565656921e-06
-1.29128496654335e-06
5.00112413577044e-07
-1.22791100112049e-07
2.63514008452294e-07
-3.90634681511252e-07
-4.96530419071578e-08
-2.1178631258874e-10
6.54137625842607e-11
5.31424127338841e-11
1.6450855311683e-11
-1.12070946350516e-11
0.311773678511331
0.270318709047469
0.184659852830723
0.157816694563879
0.21867854731873
0.138170594353512
1.34819032653552
0.121254960967377
0.108672409160483
0.249256031509679
0.209508097626087
0.236512701111708
0.118804068496285
0.099523413090349
0.207583947640099
0.0916566485429951
0.382388767815394
0.0847974370625789
0.321970574523095
0.634769318830016
1.37121741581275
1.83630497458845
0.869898463663787
0.0787508502593707
1.98477946956057
0.153540010981288
1.4564146300231
1.84085246396132
1.99999999998884
0.0733329260737819
0.72111848888401
1.32131634966671
1.02800388753511
0.0683271107888657
0.786879482277577
1.67378323018646
1.67682217806404
0.254943728100587
1.8918173960956
0.323271384144247
1.4504536000753
1.54568525481634
2
1.70181429613064
1.55513993476965
0.0301335180517679
0.0901222524468717
0.102647228372313
0.0967744775208101
0.114306245023038
0.0925748527357939
4.64230090729921e-07
0.090290934818237
0.0834537626182207
0.131149935429637
5.10262301923496e-11
0
0.0931282635768904
0.0794403431454503
0.13572742015451
0.0761074033686049
1.40495267593255e-08
0.0730958055372667
0.154199030566303
9.84678139406218e-05
0.000780686139087553
0.000828721355475587
0.000469986550696842
0.0703046734204549
1.19689964781201e-06
0.123554305462034
3.46940483306063e-06
4.30012943420041e-06
5.39197982465763e-11
0.0677135602687625
4.9136071891979e-05
0.0191964639814051
0.180250801011086
0.0653980902434527
2.40581021233478e-11
1.07655721144082
1.13512795003316
0.209651499007981
0.971140956796299
0.263626809701205
0.510729028999527
1.24107052564541
0.676968922010029
0.105121442375597
1.22552111639138
