9.99999249008271
-9.99999999498795
-7.90642226553267
5.92290451467854
3.77827614229092
-0.816274271144184
-0.760728590575796
0.211834824460083
-0.0243430563079694
8.8881807645678e-06
0.0514125059807046
0.0765392490479098
-0.0146922213307417
-0.0192764359673839
-0.00116647554717507
0.00146731392580926
3.26674602936237e-06
0.000320612710002092
0.000110397832419814
2.80122944311754e-05
4.35423740938291e-07
-5.08048289240533e-10
-3.53597603756161e-07
-1.31336023481703e-10
-9.96209127175479
6.72176298358356
-1.41770153092009
-3.53229705617856
0.486777768648377
3.22651900194251
-0.671322094876176
-0.238053141756981
0.260572661699743
-0.168060231650243
0.0820141557987306
0.0336790074105258
0.0201456796061247
0.00747688404245025
-0.00305451368315509
0.00276477439597398
0.000467497656818143
-0.000212222037734032
-0.000194941020297865
1.5392749425388e-05
1.459029958861e-06
-8.02100060649984e-07
-2.3260228940253e-07
-8.54147627322149e-11
0.311768602465795
0.270304010327058
0.18465535798499
0.157819495210947
0.218682603646735
0.138171548687915
0.121222795095017
0.108695435647139
0.249244426015913
0.176050531449637
0.0995134792882535
0.118925355360541
0.20738519394008
0.091639777340742
0.0847867939457665
0.323361905992391
0.617480413587067
0.0787473556645085
0.153080688357997
0.0733333063025993
0.0683285511221086
2
0.259727316855186
1.69377690188106
0.0301071445433155
0.0901380680846978
0.102652430947664
0.0967753076986919
0.114288974270562
0.0925746166883731
0.09018229471999
0.0834930015652869
0.13112196203537
3.28692205774299e-10
0.0794706856992825
0.0934470736887761
0.135985004729526
0.0761191722397215
0.0730969773137152
0.153173353273546
4.1557120933226e-06
0.0703041430530683
0.123409271277828
0.0677149931247977
0.0654019091766847
0
0.217325543016676
1.15861618597449
