9.99999995969688
-9.99976963935527
-7.9056238269812
5.92127557991624
3.77813904475017
-0.81592717486219
-0.782300592315445
0.209301110300353
-0.024331844376407
3.0696336841258e-06
0.100081455284814
0.0525957177849174
-0.0147354287196442
-0.0195061587352093
-0.00115888513851503
0.0014673995240376
2.96995700830329e-06
0.000320415612040308
0.000133740613816841
-1.40572290608358e-08
7.36079193075095e-08
-6.91675551197005e-08
2.80049263657591e-05
4.50220476470805e-07
-3.7195561399906e-07
1.45732321895794e-09
-9.96209229512017
6.72179697867176
-1.41806533138311
-3.5335545627583
0.487944707539681
3.22609907259195
-0.650937745361835
-0.242089942521358
0.260567171355399
-0.1680602316493
0.0175368077040024
0.0827453394631485
0.0199688953786285
0.00752066860645754
-0.00307208122677853
0.00276442214535043
0.000874924298879471
-0.000211946163785112
-0.000194067104777977
-0.000207880582089275
-0.000153426258428271
-4.35228457711577e-05
1.52176506267876e-05
1.44954431560665e-06
-3.05707145033817e-07
2.83605870869079e-09
0.311768626477787
0.270304093734393
0.184657377555606
0.157816484925057
0.218683818507211
0.138170712768889
0.121254659872819
0.108672479148363
0.24924386040812
0.176050533416807
0.118800728022276
0.0995250359498547
0.207405254261244
0.0916576636524853
0.0847946002317551
0.32336061450163
0.623720549607624
0.0787459198023512
0.153369670005259
1.37112541744914
0.868249667458103
1.83167610049547
0.0733275761781707
0.0683204346376861
0.261297658234496
0.341391621378006
0.0301068724582363
0.0901385375732464
0.10265517889242
0.0967740390386654
0.1142866288019
0.0925749372152966
0.0902908688132327
0.0834524587815489
0.131122087227044
1.01961444954288e-10
0.0931261452795459
0.0794399901783437
0.136010622350576
0.076110136924455
0.0730993342543931
0.153169176245476
0
0.0703058109208313
0.123397822373164
0.000207878369823937
0.000153421806820836
0.000265287188757972
0.0677133939275755
0.0653953898573768
0.217038167296624
0.310091080587414
