9.99999806440479
-9.99999999996646
-7.90883050809398
5.92171010907761
3.78219369037533
-0.81595523601859
-2.43752976771141e-05
-0.782284458649917
0.209332596685132
-0.0248425085805375
0.000670605434562724
0.100141551291865
0.0525598306170042
-0.0161649476577767
-0.0195021154373929
-8.22452451752138e-05
-0.00115945420700116
0.00171038389924693
1.32022693061353e-06
2.30474144593858e-05
1.97650293499621e-06
1.83144243380401e-07
0.000320669962690592
0.000147977287120589
2.80878667193096e-05
9.73690273866458e-07
-2.11628058652816e-09
4.4638569817902e-07
-5.97589657243138e-07
-1.17618021759432e-07
1.44777063373341e-09
3.84273173433756e-08
1.09327403810872e-10
-9.96260014236622
6.72267914603507
-1.41614741252995
-3.53302719545619
0.487122416531596
3.22607079630037
1.28665040524754
-0.650998700314388
-0.242030801800916
0.260257517296163
-0.168060231635612
0.0175169825421144
0.0827435907407922
0.021183194740593
0.00751660133691036
-0.0076692821845249
-0.00307213197832111
0.00241783502830514
0.000972411344746195
0.000738451644491348
0.00070791799447002
0.000563689662445852
-0.000212320474654787
-0.000183081784325394
1.52773692788777e-05
-2.34940212937113e-05
-6.44792383798091e-06
1.45743503163771e-06
2.61517370108426e-07
-9.44251834611309e-08
-5.01379856282036e-08
6.79114411086432e-09
-9.53987078385732e-12
0.311773478869782
0.270318883796627
0.184659869280691
0.157816679099326
0.218678525331894
0.13817061948939
1.3481903306139
0.121255268004538
0.108672880648843
0.249256073843755
0.209508099084378
0.118801257894636
0.0995252132607532
0.207583504593424
0.0916573936014787
0.382388762020566
0.084794361485039
0.321970526954859
0.634769318373619
1.37114110419789
1.83609139451925
0.868034462448089
0.0787464194355569
0.153540265220645
0.0733305948988867
0.721118626756025
0.455985344739174
0.0683256341144404
0.254960517361882
1.89181768412751
0.323271388824592
1.6768223027463
1.32131636292327
0.0301341128291626
0.0901223282762497
0.102647219661465
0.0967744756086632
0.114306244853713
0.0925748653796414
4.29424440088089e-07
0.0902914720692144
0.0834528141921794
0.131149779415556
3.65569648993215e-07
0.0931261166811528
0.0794408456595413
0.135727210916002
0.0761105329356907
5.50301616521857e-07
0.0730990186081268
0.154198152649424
9.9127495447956e-05
0.000747379053542254
0.000818388568974892
0.000464841048032155
0.0703042549738716
0.123555325682429
0.0677113815464506
4.61858766393281e-05
1.26614787599143e-06
0.0653965400880531
0.209685729603792
0.971140868015334
0.263626829061247
1.13512974219489
0.0191964632860906
