9.99999999994757
-9.99999934639057
-7.90883331445524
5.92170589241879
3.78219392992562
-0.815956667727686
-2.3350868756925e-05
-0.782158824261119
0.209282961538661
-0.0248397240126954
0.000670686141100892
-1.29521680388147e-10
0.100040103095684
0.0526020802349403
-0.0161659814797152
-0.0195104023291855
-8.20551262617566e-05
-0.00116316737093206
0.00170852597127216
6.62517398869185e-07
2.38231551070841e-05
9.58664701130821e-06
2.5696851478508e-06
0.000321982429065815
-1.6424864251505e-11
-5.45955406032464e-08
0.000147948485015777
-1.93101921445985e-06
-6.81718496981285e-06
-3.17316459936344e-12
2.8063155977125e-05
5.11835751058071e-08
-8.93076154725641e-07
-1.26811858797079e-06
4.42630764748492e-07
-8.9318652884794e-07
7.58812312470626e-07
-6.01263362893621e-07
2.12827890349208e-07
-4.01024552132832e-10
1.53604962764493e-11
-9.96260009070347
6.72267900142632
-1.416147391127
-3.53302681237052
0.487122330384119
3.22607023793671
1.28665040524753
-0.651300578496954
-0.24196521643486
0.26025682847397
-0.168060231635105
-0.155576125691233
0.0177721744496822
0.0826918901578998
0.0211821208858013
0.00754724791991361
-0.0076692821474566
-0.00308008574288498
0.00241499223376642
0.000972344199175179
0.000768808802151888
0.000710484337480233
0.000552918244494716
-0.000212144897446148
-0.000276367021836989
-0.000244918420692441
-0.000183107225567481
-0.000191593371056662
-0.000171005925346163
-9.22071660914609e-05
1.5377458742559e-05
-2.90085798761294e-05
9.61168054253561e-06
-1.40093030185275e-06
1.45910791533232e-06
5.00148512831743e-07
-1.2271684145453e-07
2.63530261819214e-07
-3.90654331963461e-07
-4.96583911126686e-08
-2.27103620761916e-11
0.311773678511025
0.270318709044877
0.184659852844264
0.157816694573571
0.218678547314753
0.138170594368205
1.3481903265355
0.121254960973993
0.108672409158414
0.249256031346313
0.209508097629126
0.236512701111708
0.118804068592626
0.0995234130705846
0.207583946927398
0.0916566485619588
0.382388767815346
0.0847974371869224
0.321970574278527
0.634769318830016
1.37121741581297
1.83630497451446
0.869898463663811
0.0787508500568759
1.99999999999194
1.98477946955995
0.153540011071039
1.45641462948668
1.84085246396131
1.26980473531182
0.0733329234634658
0.72111848888401
1.32131634966667
1.02800388753555
0.0683271009090381
1.67378323018644
1.67682217806404
0.25494372816628
1.8918173960956
0.323271384148274
1.4504536000753
0.0301335180560225
0.0901222524455809
0.102647228379613
0.0967744775261576
0.114306245050799
0.0925748527321588
4.64199207514007e-07
0.0902909347764133
0.0834537626025177
0.131149935444023
6.11254290188971e-11
0
0.0931282634801893
0.0794403431543765
0.135727421220661
0.0761074034218108
1.40539805447627e-08
0.0730958057062767
0.154199030780637
9.84678207507523e-05
0.000780686132300855
0.000828722498697513
0.00046998654770025
0.0703046745058791
1.75051494068662e-10
1.19933011078882e-06
0.123554306064828
3.52283621448557e-06
4.30012978585937e-06
1.76657508830707e-10
0.0677135613553016
4.91360716004026e-05
0.0191964639816335
0.18025080101145
0.0653980797454438
1.07655721144154
1.13512795003318
0.209651499184451
0.971140956796298
0.263626809714115
0.510729028999527
