9.99999999960877
-10
-7.90882928298948
5.92195390646506
3.78185917662323
-0.815916790068657
-6.5324215415989e-05
-0.783136373067394
0.209182009674468
-0.00136357211259796
-0.0237784242226005
0.000668060357128126
0.000996489459940708
0.100732244438909
0.0526271335171016
-0.0164153540519907
-0.0195087490817349
-0.000143962371897121
-0.00116496761352668
0.00175224577175503
4.58480325304212e-05
4.9559763729233e-06
9.34165420712221e-05
2.66712277644827e-05
-9.00658561051306e-06
0.000326820139332482
-0.000272771619051696
-2.42803720408668e-05
0.0001232689805486
0.000110847897509395
4.85142771586739e-05
-1.2005741014959e-05
-4.38423907307362e-05
6.27154244077852e-05
4.8007961980058e-05
2.80920591839328e-05
9.0023358460195e-06
-1.32284152251798e-05
-1.44718675887845e-05
7.60732225183239e-06
5.35309078785487e-07
-1.62040558651605e-07
3.87644881696653e-07
-6.70653115796234e-07
2.30905496367187e-07
5.05263219672884e-08
-6.26233501310479e-09
-2.80580868250657e-09
-9.96260008898501
6.72307419279369
-1.41626239614917
-3.53214106167837
0.486423615554946
3.22764877025395
1.28665040544851
-0.650689547994756
-0.242025430283843
0.262215366035839
0.260402915597492
-0.168060231651513
-0.155576124892035
0.0163555584551483
0.0826692694457438
0.0212874053444265
0.00754591508811879
-0.00766928214099667
-0.00308919676749461
0.00234718868739006
0.00160876754867534
0.000967309652763795
0.00085426407155627
0.000694215733802629
-0.000551112505158084
-0.000212189215324224
-0.000116737435309624
-0.000244917668534733
-0.000182365357405336
0.000164052923582665
-0.00019155394761758
0.000180913681956265
-0.000170994277361018
2.87090874766057e-05
-1.24745302331276e-05
1.62670792328848e-05
-2.81806496189123e-05
-1.04499269243343e-05
-5.53980495121124e-06
9.64705700325642e-06
8.03305253350383e-06
-3.57211184617384e-06
1.48683975857639e-06
2.62413500364489e-07
-3.79324515501597e-07
7.10182011016914e-08
-5.73242165285476e-08
-1.84538990859828e-08
0.311773710196711
0.270319665163451
0.184660056395412
0.157817926433252
0.218672023821539
0.138169749709249
1.34818173746252
0.121263844318977
0.108671214004945
0.133538692924426
0.249187488219658
0.209508109117757
0.236441316080175
0.118797863671026
0.0995231776066171
0.207637825958302
0.0916562175444754
0.382390381634204
0.0848002468066198
0.321807708416649
1.83855817621364
0.634773711507035
1.37121644199548
0.8663164100073
1.40482378579247
0.0787672783978234
1.11050090784038
1.98477947449076
0.153221004051527
1.32131579581906
1.45641461033674
0.720928941379639
1.84085243247229
1.02798881832122
1.7574492311152
0.0733611059033282
0.786862199991156
1.67378325735383
1.45044782099362
1.67682220412437
1.99999999899575
1.70181429616199
0.0683513888370748
0.254897612109338
1.89181983017519
1.55513985157626
0.322848838242824
1.56610525624652
0.0301332658776339
0.0901259359028922
0.102647170330809
0.0967764532216588
0.114305766785113
0.0925712474872667
2.30766063840052e-05
0.0902930606129741
0.0834533589328168
8.98169857198277e-05
0.131154479288005
2.95479123648102e-06
6.88097885618958e-11
0.0931155365266732
0.0794399285884774
0.135675844044862
0.0761074586155942
0
0.0730917783545406
0.154527091613185
0.000434866248400539
1.16050015045585e-05
0.000864977198602277
0.000277827446960963
1.4216949258336e-15
0.0703003260283899
3.91540091531468e-07
1.03143239314882e-06
0.123594703537197
0.0191970603127633
1.15779439088602e-06
0.000184516348523757
3.82003352080904e-06
0.180243667738374
0.153575859084578
0.0677238899345479
2.81499294682769e-05
1.0765571264651
0.51071742137542
1.13512788020967
0.676968922051485
0.105121442433265
0.0654219582658454
0.209173164935193
0.971142564728539
1.22552110777801
0.263075927838374
1.24389012249422
