9.99999999997414
-9.99999934620005
-7.90883331446113
5.92170589229402
3.78219392992562
-0.815956667719737
-2.3350871072524e-05
-0.782158824261119
0.209282961600072
-0.0248397240246453
0.000670686170145028
-1.12996880351595e-10
0.10004010318505
0.052602080251715
-0.0161659817049863
-0.0195104023936471
-8.20551277315536e-05
-0.00116316737093206
0.00170852594145931
6.62504475887383e-07
2.38231551070841e-05
9.58663759434304e-06
2.56969719552575e-06
0.000321982431292835
-5.45899256491501e-08
0.00014794849515044
-9.51722056638771e-15
-1.93109179475007e-06
-6.81720996218027e-06
2.80631653099754e-05
5.11825624018004e-08
-8.93033783282653e-07
-1.2681196703492e-06
4.42628430624045e-07
5.33261720408774e-11
-8.93187002419349e-07
7.58809544975699e-07
-6.01259963346164e-07
2.12828213406029e-07
-4.01123799561625e-10
1.17067593299954e-11
5.69820129822864e-13
0
-9.96260009070208
6.72267900138852
-1.41614739112451
-3.53302681247267
0.487122330384119
3.22607023791736
1.28665040524753
-0.651300578496954
-0.241965216426684
0.260256828458407
-0.168060231635105
-0.155576125691233
0.0177721743132114
0.0826918901724165
0.0211821211169039
0.00754724800101459
-0.0076692821474566
-0.00308008574288498
0.00241499220145256
0.000972344199128253
0.000768808802151888
0.000710483003032022
0.000552918245002193
-0.000212144945635066
-0.000244918420698632
-0.000183107231070773
-0.00022325399122739
-0.000191592393115062
-0.000171005925346629
1.53774757060278e-05
-2.90085799419969e-05
9.6112400596268e-06
-1.40105008799903e-06
1.45910823503824e-06
-1.29128496654339e-06
5.00143591440963e-07
-1.2271522415186e-07
2.63531583446313e-07
-3.90647572616742e-07
-4.96563403951418e-08
-5.910981879797e-11
5.90293959226434e-13
0
0.311773678511499
0.270318709044221
0.184659852843817
0.15781669457341
0.218678547314753
0.138170594367631
1.34819032653551
0.121254960973993
0.108672409158893
0.249256031361879
0.209508097628215
0.236512701111708
0.118804068587641
0.0995234130716505
0.207583947020929
0.0916566485645549
0.382388767815289
0.0847974371869224
0.321970574525892
0.634769318830016
1.37121741581297
1.83630497458845
0.869898463663806
0.0787508499749201
1.98477946955995
0.153540011035713
1.99999999999181
1.4564146300231
1.84085246396131
0.0733329243145703
0.72111848888401
1.32131634966671
1.02800388753554
0.0683271018360745
0.786879482277577
1.67378323018644
1.67682217806404
0.254943728162615
1.8918173960956
0.323271384147432
1.4504536000753
1.80833614745947
1.54568525481634
0.0301335180534085
0.0901222524440728
0.102647228379468
0.0967744775257292
0.114306245050799
0.0925748527318082
4.64199607877115e-07
0.0902909347764133
0.0834537626009674
0.13114993546051
5.81840388149696e-11
0
0.0931282634725759
0.079440343153636
0.135727421079742
0.07610740339831
1.40593676849558e-08
0.0730958057062767
0.154199030462595
9.84678202873671e-05
0.000780686132300855
0.000828721355453871
0.000469986548297279
0.0703046742120798
1.19933137511581e-06
0.123554305799613
1.70837876177201e-10
3.46940484879328e-06
4.30012980437767e-06
0.0677135611551124
4.91360716392891e-05
0.0191964639814064
0.180250801011454
0.0653980807106127
2.405907297787e-11
1.07655721144154
1.13512795003316
0.209651499174649
0.971140956796298
0.263626809711368
0.510729028999527
0.160178172112756
1.24107052564541
