9.99999999950987
-9.99999999991888
-7.9088289955815
5.92195044916771
3.78185374393625
-0.815916701160507
-7.43422269010762e-05
-0.783139250462118
0.209182887890047
-0.00136377120876418
-0.0237780069579321
-2.37458705103602e-13
0.000673823580709092
0.00100115454478861
0.100732174756252
0.0526271056039913
-0.0164153547372296
-0.0195087557130226
-0.000143974676028501
-0.00116494166910563
0.00175183945409215
4.56812716177413e-05
4.95686719015363e-06
0.000434264971030408
2.66809628237857e-05
0.000187554309787688
-0.000478847817735522
-0.000413146969483607
0.000326821397338745
4.8665552153513e-05
0.00012366651497761
0.000113009979141279
0.000110847423849612
4.85139603244e-05
-1.19845287667649e-05
0.000101702913350672
-5.01677705724562e-05
-0.000176892499591493
-0.00015736815436915
0.000132894986138851
5.33679233934061e-05
6.25285191835959e-05
2.80983570412868e-05
9.00228722297986e-06
-1.38383443694418e-06
-1.22656740989774e-05
-2.4847373091747e-09
3.87466480605666e-07
-6.70796118603607e-07
-9.47307007199649e-09
-9.96260008897734
6.72307419686639
-1.41626174156413
-3.53214174162433
0.486426062002405
3.22764315377227
1.28665040546498
-0.650688441050404
-0.242025527062744
0.262215370789955
0.260403175906267
-0.249682756081213
-0.168060231609042
-0.155576124885003
0.0163555693798063
0.082669053490881
0.021287405067847
0.00754594227445301
-0.00766928211536693
-0.00308922821439845
0.00234775695396329
0.00160888483472196
0.000967309652951242
0.000852504259826727
0.00068543177130507
-0.000551112505145697
-0.000246203520457549
-0.000116791894596474
-0.000212190740208619
-0.000348769823093601
-0.000182860175109297
-0.000168311281501896
0.000165536520149296
-0.000191553947622104
0.000192973232346089
0.000151919062422824
-0.000170993445901631
-1.92896728837083e-05
-1.65312632056816e-05
7.47475943444332e-06
6.81652036049474e-05
1.88438606883869e-05
1.6266871099096e-05
-2.81806496219934e-05
-1.61165434426962e-05
3.70936924480842e-06
-3.72202347553552e-06
1.48908106313271e-06
2.6242595007349e-07
-5.73978549797124e-08
0.311773710278026
0.270319665104088
0.184660055520193
0.157817911762914
0.218672032492281
0.138169740214172
1.34813196607132
0.121263841082846
0.108671228545618
0.133553589933626
0.249187469160533
0.18705532744177
0.209508103149461
0.236329125155931
0.118797865033118
0.0995231697593502
0.207637826559817
0.0916562134351237
0.382394476884191
0.0848002786773738
0.3218134643284
1.83855816072881
0.634773711506958
1.37121808368465
0.866317314978333
1.40482336147138
1.9847312736373
1.11049071953113
0.0787672632492246
1.89181976431581
0.15322649563861
1.45044659346157
1.321393784497
1.45641461033693
0.720868966873584
1.67682307781949
1.84085244278155
1.99999994068317
1.55515309072646
1.5661190671394
1.02798663530486
1.75744921798892
0.0733609727036699
0.786862199991157
1.75516892501753
1.67377404471039
1.70181386850739
0.0683527817192756
0.254897612108999
0.322139956130343
0.0301332656971489
0.090125935860808
0.102647169843845
0.0967764391886591
0.114305784065144
0.0925712707484869
2.39206774136405e-05
0.0902930462178982
0.0834533615322797
8.96790242315976e-05
0.131154479395668
3.54131746067324e-13
1.73946277345499e-06
0
0.0931155387987718
0.079439927026779
0.135675844185819
0.0761074559134236
4.38146715513609e-08
0.0730917861796923
0.154524783214278
0.000435299884452026
1.16050171288098e-05
0.000863271140428118
0.000255118033971305
1.26038673267534e-09
2.56937618170982e-05
3.62681190220614e-06
0.0703002849930376
0.97114264241121
0.123585637397069
0.510716642234076
0.0190773443528046
1.15779513933083e-06
0.000200091655817048
1.13512340834891
3.78263933313132e-06
0.676968814908777
1.22552178088363
1.2438764850276
0.180228208230971
0.153575861856182
0.0677235648903693
2.814992947136e-05
1.04345864266362
1.0765862463419
0.105121068688099
0.0654218986642674
0.209173164934179
0.262682126388624
