9.99999999998991
-9.99999836906891
-7.90637340436687
5.96626746625155
3.54746608072144
-0.763149901905807
-0.805446960985713
0.165565514173961
0.299384136232884
0.00413858133371164
-0.0103633418682356
0.00242312479492603
-0.000241753719234751
0.00022761692623037
9.05740094106308e-05
4.76018167027788e-08
5.54177201195071e-06
-1.51207871302707e-09
2.37084343875834e-09
-9.96092304174819
6.72094747007045
-1.41770622486725
-3.46913577376717
0.364081170941811
3.32609750088007
-0.876899130644732
0.347173304017586
-0.096290540615564
0.0645300296220724
0.000170740823618369
0.000595172386505313
-0.00124551413712172
-0.000138190724424792
-6.4973682178003e-05
5.32393271404164e-05
1.26011868858012e-06
-5.64692628842744e-09
-2.93339248761781e-09
0.311770718744444
0.270308524478795
0.184655293387703
0.157967614698149
0.216900847267473
0.137911977261782
0.122344744376817
0.243069948962418
0.109906655593548
0.0997312186203217
0.0912213411982933
0.313683699367873
0.0839522956677931
0.211622566305352
0.0775959259396944
1.4960827907398
0.0718445574316812
0.244327256979488
1.99999968258803
0.030107824912394
0.0901370099244401
0.102652470819187
0.0967920908192102
0.114028348999382
0.092502119784872
0.088468389362786
0.130471583624462
0.0845872978649689
0.0808955295670786
0.0774301531480401
0.160973262957484
0.0741996758647174
0.160290398281669
0.0712152710149339
0.000496995966195092
0.0685718623824346
0.240211864763534
1.37605163904188
