9.99999999162341
-9.99999999748084
-7.906423758629
5.92290855333775
3.77827533107611
-0.816274400600947
-0.760726149065772
0.211835469387469
-0.0243418003161517
0.0514118143230241
0.0765316049630766
-0.014690758152778
-0.0192758359198321
-0.00116629311238888
0.00146894799809362
3.30608642135339e-06
0.000320529514049292
0.000110320862475795
2.80037030653204e-05
4.36130144474726e-07
-3.27712917206976e-07
-9.96208995328436
6.72176263670036
-1.4177024160675
-3.5322944457461
0.486778541832194
3.22652263777143
-0.671315619471366
-0.238054711000948
0.260570926236742
0.0820136953669181
0.0336705581053709
0.0201453079643658
0.00747654946763852
-0.00305423437688213
0.00275968766272735
0.000467490547244341
-0.000212174186241609
-0.000194799840387225
1.53798192680681e-05
1.45830653898244e-06
-2.24268173914103e-07
0.311768597022657
0.270304162175173
0.184655354436064
0.157819514354314
0.218682595144938
0.138171539048384
0.12122282526884
0.10869544565923
0.249243563084677
0.0995134783869006
0.118925207321877
0.207385606388628
0.0916397578887623
0.0847867290032367
0.323353102888408
0.614921106039504
0.078747117028694
0.153079920546581
0.0733327739981168
0.0683280618722719
0.259447304252794
0.0301070879491827
0.090138105192916
0.102652456653921
0.096775302012648
0.114288809568883
0.0925746097025053
0.0901822496644878
0.0834929826871841
0.13112232798924
0.0794707140809219
0.0934471647744724
0.135984732858428
0.0761192196633354
0.073097120562573
0.153194805061409
0
0.070304357452007
0.123410745141301
0.0677150966023194
0.0654016223137414
0.218077634619438
