9.99999997998494
-9.9991491698389
-7.90564457551569
5.92118021754223
3.77777021970799
-0.815961972074683
-2.64015068949483e-07
-0.782279960285665
0.20933635582657
-0.0247751644239152
0.000366369001699122
0.10013599160706
0.0525595718313331
-0.0149327649502576
-0.0195024594459895
-0.000114969712793125
-0.00115891165927808
0.00167890386418414
2.94327367973966e-06
-8.13872957467577e-07
1.0497249977478e-07
1.96223602640525e-06
0.000320502019885688
0.000134978077277499
2.80812295894956e-05
4.47866788658363e-07
-5.75309711525232e-07
-5.89399474930817e-09
-3.43015109912642e-08
-9.96261903619762
6.72226825794424
-1.41807043857162
-3.53378066008124
0.490549277439533
3.22607980857401
1.28665040524772
-0.65099637658445
-0.242034844475174
0.260704342090251
-0.168060231649099
0.0175126061263088
0.0827445258246902
0.0207858563145731
0.00751619079118459
-0.00766928748279238
-0.00307196655918963
0.00258501394495177
0.000874935800302714
0.000833754712893318
0.00059870887442541
0.000596317354807956
-0.000212185996304367
-0.000183959604768252
1.52455718628569e-05
1.45730275429798e-06
2.4232828623166e-07
-5.40817919566744e-08
-4.11287353928983e-09
0.311773240993633
0.270315024258854
0.184657391019553
0.157816495843125
0.218702266077445
0.138170628259175
1.34623054880224
0.121255260133326
0.10867292625915
0.249263590661932
0.209522609790988
0.118801112005391
0.0995252200866478
0.207414209400669
0.091657466406584
0.382356110599429
0.0847944599584926
0.322381498865732
0.62151994243323
1.37494977206879
0.867804448214641
1.8380944075564
0.0787458687901408
0.153384785589196
0.0733294738543422
0.0683254549122764
0.25497363669104
0.323334799879395
1.89293004283941
0.0301347792708283
0.0901235634230145
0.102655134197243
0.0967736524972216
0.114300118704355
0.0925748432718062
7.88047470213528e-09
0.0902914698486142
0.0834527675431623
0.131124461005112
8.51798134544854e-10
0.0931261708678682
0.0794408547310963
0.135868004202993
0.0761105321447466
9.38797217979466e-08
0.0730993123313182
0.153521311796708
3.26135894403789e-09
0.000860232690780058
0.000598538366033842
0.000718478242870406
0.0703048860098562
0.123534204291806
0.0677110350116552
0.0653957092034532
0.20969235133177
0.264373794605348
0.966374835700206
