9.99999999994826
-9.99999934639308
-7.90883331446201
5.92170589238806
3.78219392992562
-0.815956667719737
-2.3350871072524e-05
-0.782158824261119
0.209282961538661
-0.0248397240246453
0.000670686170145028
-1.12996880351595e-10
0.100040103131377
0.052602080251715
-0.0161659815157634
-0.0195104023282959
-8.20551277315536e-05
-0.00116316737093206
0.0017085259469774
6.62504475887383e-07
2.38231551070841e-05
9.58664099684341e-06
2.56969044615144e-06
0.000321982432708288
-5.4591588908407e-08
0.00014794849586098
-1.93109335847607e-06
-6.81718413271928e-06
-3.6902008316961e-12
2.80631559993331e-05
5.11835751058071e-08
-8.93022979361133e-07
-1.26811632815498e-06
4.42629694924061e-07
-1.18056085834318e-12
-8.93186900946586e-07
7.5880923107342e-07
-6.01259963346164e-07
2.12836197323564e-07
-4.01123799561625e-10
1.51617649933452e-11
5.69820129822864e-13
-9.96260009070313
6.72267900142258
-1.41614739112573
-3.53302681236698
0.487122330384119
3.22607023791736
1.28665040524753
-0.651300578496954
-0.24196521643486
0.260256828458407
-0.168060231635105
-0.155576125691233
0.0177721743362011
0.0826918901724165
0.0211821209176242
0.0075472479196878
-0.0076692821474566
-0.00308008574288498
0.00241499226292868
0.000972344199128253
0.000768808802151888
0.000710484337453
0.000552918244650131
-0.000212144900540519
-0.000244918420698304
-0.000183107229187267
-0.000191592393115186
-0.000171005925346149
-9.22071660914609e-05
1.53774623379694e-05
-2.90085798761294e-05
9.61123681695607e-06
-1.40093582520703e-06
1.45910783162987e-06
-1.2912849665434e-06
5.00148609181053e-07
-1.22715501395127e-07
2.63531583446313e-07
-3.90652468606391e-07
-4.96563403951418e-08
-2.45700109463274e-11
5.90293959226434e-13
0.311773678513181
0.270318709041622
0.184659852843806
0.157816694573694
0.218678547314753
0.138170594367631
1.34819032653551
0.121254960973993
0.108672409158414
0.249256031361879
0.209508097628215
0.236512701111708
0.118804068588923
0.0995234130716505
0.207583946937854
0.0916566485616907
0.382388767815289
0.0847974371869224
0.321970574523831
0.634769318830016
1.37121741581297
1.83630497451446
0.869898463663809
0.0787508500753067
1.98477946955995
0.153540011044066
1.4564146300231
1.84085246396131
1.26980473531182
0.0733329236422734
0.72111848888401
1.32131634966671
1.02800388753555
0.0683271014517403
0.786879482277577
1.67378323018644
1.67682217806404
0.254943728162615
1.8918173960956
0.323271384147432
1.4504536000753
1.80833614745947
0.0301335180502986
0.0901222524442026
0.10264722837946
0.0967744775258705
0.114306245050799
0.0925748527318082
4.64199607877115e-07
0.0902909347764133
0.0834537626025177
0.13114993546051
5.81840388149696e-11
0
0.0931282634752714
0.079440343153636
0.135727421188656
0.0761074034219027
1.40593676849558e-08
0.0730958057062767
0.154199030468181
9.84678202873671e-05
0.000780686132300855
0.000828722498674162
0.000469986547883089
0.0703046744684173
1.19933130820862e-06
0.123554305880663
3.46940485562169e-06
4.30012978532781e-06
1.76653440110853e-10
0.0677135613140438
4.91360716004026e-05
0.0191964639814048
0.180250801011452
0.0653980803012197
2.40599027953858e-11
1.07655721144154
1.13512795003318
0.209651499174649
0.971140956796298
0.263626809711368
0.510729028999527
0.160178172112756
