9.99999999986006
-9.99984674460343
-7.90588993264902
5.92196568836884
3.77823055052705
-0.815927221424321
-0.760728623915395
0.211823079431113
-0.0243430486978066
8.88800773527252e-06
0.0514109052686426
0.0765417596514052
-0.0147354290805359
-0.0192791486085977
-0.00116574545682192
0.00146741210401353
3.05023786892593e-06
0.000320690355642088
0.000110776410612476
2.80096531789995e-05
-3.06454618466854e-09
3.37708831609226e-09
4.36675562666434e-07
-3.62289434961332e-07
-2.02290958972127e-09
-9.96209224489641
6.72174900644485
-1.41939652966589
-3.53119092781192
0.487944023366696
3.22609905821184
-0.671322109671233
-0.238033461491009
0.260572644565545
-0.168060231650243
0.0820131413568959
0.0337120356113918
0.019968894933242
0.00747798079672449
-0.00305604906051187
0.00276442703891633
0.000874924315468696
-0.000212013001016439
-0.000194719366302765
1.53915215730867e-05
-5.37122074013598e-06
-3.37765242394096e-06
1.45935686506149e-06
-2.39887214189875e-07
8.62561746818354e-10
0.311768614442051
0.270304163479582
0.184658186735561
0.157819304203181
0.218683792498732
0.138170712582476
0.121222795503455
0.108695296889411
0.249244397437235
0.176050531449591
0.0995134575795001
0.118926303677906
0.2074052568215
0.0916398895004535
0.0847877333160537
0.323360617002913
0.623720549028889
0.0787475073753387
0.153085048607259
0.0733332224510425
1.83168428969296
0.869316382232659
0.0683284322133943
0.259731972931139
0.367401411197813
0.0301070348613346
0.0901382716274956
0.102653869545635
0.0967769577668787
0.114286389026873
0.0925749379441629
0.0901822948053243
0.0834931448997691
0.131121985349984
1.52237765984131e-11
0.0794707359251573
0.0934472085356681
0.136010620553272
0.0761188302662973
0.0730970404052167
0.153169177267017
0
0.0703048856872511
0.123411985863115
0.0677150413528756
0.000261960959461382
1.90705307571423e-06
0.0654009627862139
0.217322548657454
0.332626597331639
