10
-9.99933897129115
-7.90869242317054
5.92190909071955
3.78219450318776
-0.81591674588168
-3.29211010374052e-05
-0.782593649522674
0.209262840414781
-0.0018519324309856
-0.0240217049737062
0.000668057932965146
0.000607403213703684
0.100105281947909
0.0526018507105709
-0.0163563504435193
-0.0195088675478037
-0.000143954054250345
-0.00116597909939895
0.00175577247338656
9.80706093419318e-07
1.51597766098751e-05
1.41688077173782e-05
1.91790211736849e-06
-9.00661965721248e-06
0.000326849789513079
1.07945940309517e-05
0.000123257011409154
-1.95568121891182e-06
-1.99803464772413e-07
-2.05841315250177e-06
2.81205652899291e-05
-9.30414557813054e-07
5.59432124187296e-06
5.36173329904671e-07
-1.37068504260709e-06
-1.63409050161718e-07
2.75189010158075e-06
-1.47276389283576e-06
3.87302974541437e-07
7.63116639073175e-07
-6.71740788252639e-07
2.32569277886438e-07
-6.61627137927803e-09
1.24913848074823e-08
-3.72862234044826e-09
1.03939886392582e-09
-9.9626000897187
6.72268452872617
-1.41621393156397
-3.53191048770377
0.487124075046219
3.22764869769152
1.28665040524307
-0.651167545971437
-0.241959071349911
0.262215246432072
0.260187535720055
-0.168060231651992
-0.155576194628759
0.0167827741046486
0.0826597220188467
0.0214892295001291
0.00754677501489244
-0.00766928214099667
-0.003088572099867
0.00235351463069298
0.000967257977466013
0.000847021019931994
0.000710452095640255
0.00068448211248973
-0.000551112505158084
-0.000212630743989722
-0.000244918467190528
-0.000182361587742024
-0.000191550804529643
0.000184658115069122
-0.000171006086868157
1.62670252155328e-05
9.61249762240985e-06
-6.52372938674298e-06
8.03762547619677e-06
7.71080987828601e-06
-3.5727201075129e-06
-1.29128555804467e-06
5.27519680805571e-07
1.48921099728289e-06
-1.44642889874432e-07
2.64058205386524e-07
-3.78435638762822e-07
-5.73710284159295e-08
1.15522938979578e-09
-7.26005801044397e-09
-3.83309003913933e-09
0.311773701786278
0.270320708148795
0.184659969640499
0.157818011167716
0.218678636137324
0.138169756211171
1.34819018311011
0.121262725999372
0.108672123811045
0.139952135838558
0.2491975751549
0.209508109209758
0.236511309724467
0.118798586813349
0.0995228248297861
0.207622353408222
0.0916563203809417
0.382390381577244
0.0847995042595457
0.32181192103623
0.634773854170578
1.37121678123706
1.83630497504288
0.866318389090624
1.40482378579247
0.078767357581591
1.98477946989182
0.153221335112021
1.45641467109785
0.720929012567014
1.84085246383249
0.073361188887381
1.32131635980419
1.02800580895765
1.99999999899573
1.45044784832562
1.70181429616196
0.786879463713054
1.67378322758507
0.068353285914435
1.67682217806519
0.254897612668828
1.89181983017519
0.322848843765967
1.7574494315963
1.55513993476965
1.54568525481634
0.0301333844537851
0.090126838565166
0.102647264132549
0.096776659395134
0.114306196097211
0.0925712639839679
2.59317366595812e-11
0.0902902773356492
0.0834540036409753
0.000131930612496267
0.131157236543848
2.98154578956531e-06
0.000147756973519203
0.09312359113337
0.0794405320691152
0.135648119884952
0.0761073773270824
0
0.0730915473640126
0.154484127713604
1.31566001305065e-09
0.000857827760806133
0.000828694857485204
0.00025249116065017
0
0.0702987303199974
1.19599450252657e-06
0.123595133414476
8.0610670084264e-09
0.00018819020781745
4.30666225199137e-06
0.0677230865603781
0.0191964630573947
0.18024974804099
0.676968922051506
0.510717562523083
0.105121442433283
2.09167105766241e-10
1.07655721028937
0.0654220543792007
1.1351279500339
0.209173170831945
0.971142564728552
0.263075939863226
0.153575883177849
1.22552111639138
1.2410705256454
