9.88056408510637
-9.99999904161035
-4.93931441102701
3.14100395299025
2.01598699173181
-0.0398248324915941
0.716248060259406
-0.311389623678119
0.0287242875697256
0.00796604209205567
8.07286326901357e-06
5.88500829226165e-05
-3.69565203046436e-05
-6.92669620362373e-08
-9.52201656118913
6.63283798911933
-2.07152365612924
-1.72915251120449
1.35554674498956
1.32124259431901
-0.184437720189742
-0.120296431726608
-0.0545328838683277
0.0030099574169232
0.000834476098696161
-4.39621490399428e-05
2.97191993615769e-05
-1.80051003515786e-07
0.313206576663459
0.269612456161562
0.18617275395537
0.15681973793721
0.221147740264334
0.135176105798887
0.235342355959417
0.118678360896791
0.105687418655174
0.0952063555720149
0.0864877401191954
0.411585688382407
0.0789227677352734
0.128688670500071
0.0311872272715404
0.0892074769339953
0.107413168136686
0.101135002521777
0.121478165003724
0.0961495832924124
0.129540568067049
0.0913232847748925
0.0866916679859439
0.0823337521961172
0.0783840425067086
0.196036377021698
0.0749151555614443
0.12780056123281
