9.99999999999556
-9.99999934637054
-7.90883331419161
5.92170589251694
3.78219393006196
-0.815956667737231
-2.33507338823249e-05
-0.782158824436788
0.209282961522186
-0.0248397242170401
0.000670686147961814
2.28794295165484e-11
0.100040103002167
0.0526020801377097
-0.0161659814928287
-0.0195104023683881
-8.20550620380397e-05
-0.00116316740900621
0.00170852602012874
6.62536239115461e-07
2.38231497943969e-05
9.58672068379367e-06
2.56968089593149e-06
0.000321982358377803
-5.45800425374078e-08
0.000147948406515123
-1.93101365773776e-06
-6.81734090720004e-06
2.80631494336958e-05
5.1145130174306e-08
-8.93081253718542e-07
-1.26811347678194e-06
4.42644813638154e-07
-8.9318652884794e-07
7.58800404190722e-07
-6.01264961011587e-07
2.1285194730438e-07
-4.01217064731812e-10
-6.94414590323575e-11
-9.96260009070227
6.72267900142615
-1.41614739095744
-3.53302681231303
0.487122330528355
3.22607023815464
1.28665040524753
-0.651300578029791
-0.241965216380857
0.26025682851425
-0.168060231635105
-0.155576125691233
0.0177721746702082
0.0826918902676428
0.0211821208922487
0.0075472477735163
-0.00766928214745645
-0.0030800856457755
0.00241499211754368
0.000972344201186231
0.000768808802862423
0.000710484426652749
0.000552918231239587
-0.00021214492506182
-0.000244918420692521
-0.000183107182749941
-0.00019159337105716
-0.000171005925200789
1.53774326428315e-05
-2.90085797593156e-05
9.61163303741131e-06
-1.40089990604596e-06
1.45909858809217e-06
5.00148512831743e-07
-1.22711907432359e-07
2.63543897396733e-07
-3.9064953365755e-07
-4.96585334050332e-08
1.85687958258455e-11
0.311773678513963
0.270318709052769
0.18465985286548
0.157816694571907
0.218678547329755
0.138170594367341
1.3481903265355
0.121254960973288
0.108672409163103
0.249256031103901
0.20950809762961
0.236512701111708
0.118804068595448
0.0995234130663769
0.207583945807675
0.0916566485648731
0.382388767816173
0.0847974371398534
0.321970574265073
0.634769318830004
1.37121741581298
1.83630497451339
0.869898463663831
0.0787508498492264
1.98477946955995
0.153540011143375
1.45641462948668
1.84085246396154
0.0733329233702063
0.72111848888401
1.3213163496667
1.02800388753555
0.0683270877979166
1.67378323018644
1.67682217806405
0.254943728184613
1.89181739610307
0.32327138415014
1.36893669203259
0.030133518075725
0.090122252440194
0.102647228376403
0.0967744775216325
0.114306245142379
0.0925748527356246
4.64166420413721e-07
0.0902909347791557
0.0834537626001875
0.131149935165028
6.27333123472501e-11
0
0.0931282634959154
0.0794403431464392
0.135727422428141
0.0761074034467961
1.39966712540301e-08
0.0730958057355521
0.154199030780128
9.84678406093726e-05
0.000780686133001565
0.000828722575146766
0.000469986532105881
0.0703046745329524
1.19933012726591e-06
0.123554306380804
3.52283624159433e-06
4.30012400466845e-06
0.0677135613807284
4.91360715314388e-05
0.0191964639816078
0.180250801011459
0.0653980696842898
1.07655721144154
1.13512795003317
0.209651499233473
0.97114095679545
0.263626809720233
0.40902093283956
