10
-9.99999871987553
-7.90883306605494
5.92170617903014
3.78219363741883
-0.815956770025555
-2.33331657945663e-05
-0.782159318421989
9.25366526889696e-12
0.209282822083964
-0.0248397703417142
0.000670686148522042
0.100039531187953
0.0526014060165332
-0.0161659818398331
-0.0195104370793868
-8.22136005951759e-05
-0.00116244503204732
0.0017091700582744
1.06237780500829e-06
2.38818921848049e-05
2.5162011238238e-06
2.32843219081013e-06
0.000321766901754128
-1.0458447822426e-07
0.000147974053258816
-1.93230565860414e-06
3.66945376087732e-07
2.80449913454825e-05
-1.11468242858186e-07
-8.35823826643285e-07
-1.13806278021804e-06
4.4577714802043e-07
-5.9816221941601e-07
-1.02165984378145e-07
1.83115158262416e-07
-1.36887044821948e-07
9.98031268853398e-11
-9.96260009597771
6.72267879179391
-1.41614727619149
-3.53302653396138
0.487122313252441
3.22607080767449
1.28665040524752
-0.651299596422731
0.580702434116741
-0.241964560769302
0.26025690202412
-0.168060231635105
0.0177731215025428
0.0826922395911683
0.0211821224609772
0.00754585882657858
-0.00766928219322446
-0.00307969264697019
0.00241605245013047
0.000972411287771706
0.000768808823085017
0.000707755505522843
0.000552916849278895
-0.000211977023055628
-0.000244918420810522
-0.000183108346977991
-0.00019159337075913
-0.000170977616095152
1.53310095445024e-05
-2.90082926317276e-05
9.60970068091725e-06
-1.1481374169613e-06
1.45787110258163e-06
2.61116295051957e-07
4.12848227321895e-07
-3.01784618597427e-07
-1.13876563157167e-07
-5.02383082542376e-08
0.311773614384101
0.270318746887989
0.184659857156006
0.157816686245791
0.218678541021721
0.138170602111208
1.34819032654301
0.12125494437444
0.393311297234825
0.10867240613838
0.249256073529068
0.209508097629584
0.118804069781568
0.0995234333422051
0.207583946575377
0.0916567398128628
0.382388760877805
0.0847974697741121
0.321970553341047
0.634769318366579
1.37121741581396
1.8363050320178
0.869898463669443
0.0787502197606922
1.98477946955994
0.153540070108128
1.45641462948684
1.84085245335038
0.0733310653685141
0.72111848888459
1.32131634966702
1.02800388754283
0.0683259361107126
0.254960504189715
1.67378322872508
1.67682230274585
1.89181768417073
0.323271386879611
0.030133676577995
0.090122293312981
0.102647220825902
0.0967744785622937
0.114306251852114
0.092574857834402
4.29437357541637e-07
0.0902909152580076
9.14974134091139e-13
0.0834537737110313
0.131149835174506
6.5773989580109e-11
0.0931282340819947
0.0794403397260081
0.135727421917054
0.0761075018089217
6.63488036104963e-07
0.0730962228724336
0.154199178686047
9.91269365337927e-05
0.000780686152966072
0.000826385335481079
0.000469984906252162
0.0703054414413216
1.19935422398723e-06
0.123555005775182
3.5228200326506e-06
1.98519971055962e-10
0.0677134560805495
4.91359020203713e-05
0.0191964639805822
0.18025080100575
0.0653965790354973
0.209685701632005
1.07655720908171
1.13512974219298
0.971140867952871
0.263626819138499
