0.990049762139739
14.1824358427554
11.0996566388653
1.93356235326033
1.17388976356373
10.7089746015147
2.77831852579524
4.16637625999281
1.78871003987493
0.991535003842843
8.40497092680251
6.03673651631016
13.6108206889955
15.0062918809514
0.29845802435609
0.0117316191764695
5.81748154523985
0.999996771596655
0.0861392805830754
0.160472459132849
0.0469800840942612
0.569581136004923
0.0703175793937992
0.378680153920684
0.305305488317911
0.467004325846839
0.70665099836743
0.198446653800388
0.245966897574753
0.130094691692856
0.105734649171659
0.0382563024262781
0.0306901052257001
0.0574795596177969
