0.990386036837427
5.84728524545237
16.8749246830091
1.42000348281594
4.34554618740271
3.78503936546936
0.0452385823174069
10.3144759841196
2.35046988052263
15.3542715516639
15.1852157490762
0.86884260652638
8.62639381593295
11.9665401944503
1.02536654486185
0.999972983286025
0.27024027421652
0.104151602075244
0.557325609124806
0.0526707103782557
0.345497515778183
0.032933470849631
0.065991164546367
0.4409307565725
0.0827899819517399
0.131469192721129
0.0419419585525366
0.211804484474318
0.166561581110443
0.705023789628552
