0.990013965371173
9.72010436156206
1.1105574228112
4.90574418737086
1.08790701226794
8.81874956265007
0.984679693444451
3.46297802940888
2.35864061772765
0.151165129907263
9.73189895380415
6.66599901011796
8.52365518759798
9.2840341622455
7.38304141567757
1.55411305452127
9.52141517908846
9.0204818187319
3.71966479699441
0.00515643726875994
0.999999127714729
0.0756328067218673
0.044121320454424
0.265131403820203
0.573284505418604
0.0873053269151611
0.706936978626995
0.323698127368898
0.394702932441091
0.0363937606893213
0.149950917317929
0.217656779713901
0.179645800887596
0.112892826555706
0.0637369263282019
0.477879654543701
0.0987854658720193
0.128440184012027
0.0531603448556367
0.0295372646948166
