11.3421445160048
11.2329923445038
11.0816508822531
10.875616355769
10.0372687474011
8.9783531036774
7.91398523740324
6.854696732181
4.98189715459478
3.90524146118907
3.49165781308799
2.36856105484025
1.55716385243936
1.15416799404783
1.08849518437535
0.990014018168493
0.984702736360937
0.156090995107962
0.00529981513715482
0.122791716443601
0.0915207369266854
0.0773046166511642
0.146743586054868
0.105626918562469
0.177687300267792
0.0644337245037663
0.216397490899175
0.264334225234766
0.0534802236812244
0.32322271241941
0.394449971962767
0.47777623428394
0.0442741895759386
0.573264109629319
0.999999124595896
0.706936151590237
0.0364674240012699
0.0295716243060376
