0.990140119504509
13.0111741684149
3.21762207927107
2.03579412182411
1.27766143067355
4.89597145404024
0.0229851652552345
1.00338198245866
2.92020464113154
15.7333407531715
7.83516745705791
7.16540974207894
9.9889655085729
13.0148613592575
15.3767055528249
0.510614440507065
0.999990578891593
0.0759663190815772
0.363238803109553
0.455371336566279
0.564642138923647
0.288626898334899
0.0317469661296026
0.706113105011549
0.0496054827055894
0.0942241354876727
0.0613696415325273
0.229475159959083
0.182872905381573
0.146163296585843
0.117181092115644
0.0399737263339911
