15.0062918809514
14.1824358427554
13.6108206889955
11.0996566388643
10.7089746015147
8.40497092680251
6.03673651631016
5.81748154523941
4.16637625999283
2.77831852579613
1.93356235325992
1.78871003987495
1.17388976356375
0.99153500384298
0.990049762139771
0.298458024356862
0.011731619176467
0.105734649171662
0.0861392805830714
0.130094691692853
0.16047245913285
0.0703175793938036
0.198446653800387
0.245966897574754
0.0574795596177832
0.305305488317904
0.378680153920674
0.0469800840942701
0.467004325846838
0.569581136004904
0.706650998367412
0.999996771596651
0.0382563024262548
0.0306901052256724
