14.1834951788023
13.7687886667821
12.3986509355675
11.914524722154
9.50696973186718
8.56363926904564
7.15851239292392
5.16456617738933
4.20723996002862
3.60179220189408
2.43381619028609
1.59341681276976
1.25122308297531
1.1007609148357
0.990017479416952
0.985511310064149
0.171175149995202
0.0058998214372292
0.0962694631703197
0.11704310796953
0.0793331140389113
0.142598302753575
0.174112267001307
0.0654766254423236
0.213035817449896
0.261099624495936
0.0540857656990697
0.32019635236936
0.391886565312685
0.476124658884653
0.0446479973180027
0.572762760033968
0.999998901652501
0.706903808993402
0.036702199620055
0.0297144812129927
