0.990017479416952
11.914524722154
8.56363926904565
0.0058998214372292
0.171175149995197
0.985511310064148
1.25122308297531
5.16456617738933
13.7687886667821
1.59341681276976
2.43381619028609
14.1834951788023
1.1007609148357
3.60179220189408
4.20723996002862
9.50696973186718
7.15851239292392
12.3986509355675
0.999998901652501
0.142598302753576
0.0654766254423237
0.0297144812129927
0.0367021996200526
0.706903808993403
0.0446479973180027
0.261099624495934
0.117043107969529
0.476124658884653
0.391886565312684
0.0962694631703197
0.572762760033968
0.320196352369361
0.0540857656990697
0.174112267001305
0.213035817449897
0.0793331140389113
