0.990014018168499
10.0372687474011
11.2329923445041
1.15416799404783
0.156090995106669
4.98189715459478
0.00529981513635343
7.91398523740324
10.8756163557694
0.984702736360937
1.08849518437524
11.3421445160052
3.90524146118907
6.854696732181
2.36856105483878
11.0816508822512
1.55716385243936
3.49165781308799
8.97835310368179
0.999999124595897
0.105626918562469
0.0915207369266421
0.0442741895759386
0.0364674240013344
0.264334225234766
0.0295716243052264
0.0644337245037663
0.146743586054826
0.706936151590237
0.573264109629313
0.122791716443627
0.0534802236812244
0.216397490899175
0.39444997196279
0.0773046166511885
0.47777623428394
0.32322271241941
0.177687300267798
